First insert your sudoku:
0 8 2 0 0 0 0 0 9
5 9 0 0 0 0 4 0 0
7 0 0 0 0 0 3 5 0
8 3 0 0 6 5 0 0 0
0 0 0 7 0 2 0 0 0
0 0 0 9 3 0 0 7 6
0 4 1 0 0 0 0 0 8
0 0 8 0 0 0 0 3 7
2 0 0 0 0 0 1 4 0
Choose your option
all
*********************
 ***  ALL STEPS  *** 
*********************
1. 0: NackedSingleInACell
[8, 8] = 5
0 8 2 0 0 0 0 0 9 
5 9 0 0 0 0 4 0 0 
7 0 0 0 0 0 3 5 0 
8 3 0 0 6 5 0 0 0 
0 0 0 7 0 2 0 0 0 
0 0 0 9 3 0 0 7 6 
0 4 1 0 0 0 0 0 8 
0 0 8 0 0 0 0 3 7 
2 0 0 0 0 0 1 4 5 
******************
2. 1: HiddenSingleInACell
[0, 6] = 7
0 8 2 0 0 0 7 0 9 
5 9 0 0 0 0 4 0 0 
7 0 0 0 0 0 3 5 0 
8 3 0 0 6 5 0 0 0 
0 0 0 7 0 2 0 0 0 
0 0 0 9 3 0 0 7 6 
0 4 1 0 0 0 0 0 8 
0 0 8 0 0 0 0 3 7 
2 0 0 0 0 0 1 4 5 
******************
3. 1: HiddenSingleInACell
[1, 7] = 8
0 8 2 0 0 0 7 0 9 
5 9 0 0 0 0 4 8 0 
7 0 0 0 0 0 3 5 0 
8 3 0 0 6 5 0 0 0 
0 0 0 7 0 2 0 0 0 
0 0 0 9 3 0 0 7 6 
0 4 1 0 0 0 0 0 8 
0 0 8 0 0 0 0 3 7 
2 0 0 0 0 0 1 4 5 
******************
4. 1: HiddenSingleInACell
[0, 7] = 6
0 8 2 0 0 0 7 6 9 
5 9 0 0 0 0 4 8 0 
7 0 0 0 0 0 3 5 0 
8 3 0 0 6 5 0 0 0 
0 0 0 7 0 2 0 0 0 
0 0 0 9 3 0 0 7 6 
0 4 1 0 0 0 0 0 8 
0 0 8 0 0 0 0 3 7 
2 0 0 0 0 0 1 4 5 
******************
5. 1: HiddenSingleInACell
[3, 2] = 7
0 8 2 0 0 0 7 6 9 
5 9 0 0 0 0 4 8 0 
7 0 0 0 0 0 3 5 0 
8 3 7 0 6 5 0 0 0 
0 0 0 7 0 2 0 0 0 
0 0 0 9 3 0 0 7 6 
0 4 1 0 0 0 0 0 8 
0 0 8 0 0 0 0 3 7 
2 0 0 0 0 0 1 4 5 
******************
6. 1: HiddenSingleInACell
[4, 8] = 3
0 8 2 0 0 0 7 6 9 
5 9 0 0 0 0 4 8 0 
7 0 0 0 0 0 3 5 0 
8 3 7 0 6 5 0 0 0 
0 0 0 7 0 2 0 0 3 
0 0 0 9 3 0 0 7 6 
0 4 1 0 0 0 0 0 8 
0 0 8 0 0 0 0 3 7 
2 0 0 0 0 0 1 4 5 
******************
7. 1: HiddenSingleInACell
[3, 8] = 4
0 8 2 0 0 0 7 6 9 
5 9 0 0 0 0 4 8 0 
7 0 0 0 0 0 3 5 0 
8 3 7 0 6 5 0 0 4 
0 0 0 7 0 2 0 0 3 
0 0 0 9 3 0 0 7 6 
0 4 1 0 0 0 0 0 8 
0 0 8 0 0 0 0 3 7 
2 0 0 0 0 0 1 4 5 
******************
8. 0: NackedSingleInACell
[3, 3] = 1
0 8 2 0 0 0 7 6 9 
5 9 0 0 0 0 4 8 0 
7 0 0 0 0 0 3 5 0 
8 3 7 1 6 5 0 0 4 
0 0 0 7 0 2 0 0 3 
0 0 0 9 3 0 0 7 6 
0 4 1 0 0 0 0 0 8 
0 0 8 0 0 0 0 3 7 
2 0 0 0 0 0 1 4 5 
******************
9. 1: HiddenSingleInACell
[4, 7] = 1
0 8 2 0 0 0 7 6 9 
5 9 0 0 0 0 4 8 0 
7 0 0 0 0 0 3 5 0 
8 3 7 1 6 5 0 0 4 
0 0 0 7 0 2 0 1 3 
0 0 0 9 3 0 0 7 6 
0 4 1 0 0 0 0 0 8 
0 0 8 0 0 0 0 3 7 
2 0 0 0 0 0 1 4 5 
******************
10. 1: HiddenSingleInACell
[5, 1] = 2
0 8 2 0 0 0 7 6 9 
5 9 0 0 0 0 4 8 0 
7 0 0 0 0 0 3 5 0 
8 3 7 1 6 5 0 0 4 
0 0 0 7 0 2 0 1 3 
0 2 0 9 3 0 0 7 6 
0 4 1 0 0 0 0 0 8 
0 0 8 0 0 0 0 3 7 
2 0 0 0 0 0 1 4 5 
******************
11. 1: HiddenSingleInACell
[2, 1] = 1
0 8 2 0 0 0 7 6 9 
5 9 0 0 0 0 4 8 0 
7 1 0 0 0 0 3 5 0 
8 3 7 1 6 5 0 0 4 
0 0 0 7 0 2 0 1 3 
0 2 0 9 3 0 0 7 6 
0 4 1 0 0 0 0 0 8 
0 0 8 0 0 0 0 3 7 
2 0 0 0 0 0 1 4 5 
******************
12. 0: NackedSingleInACell
[2, 8] = 2
0 8 2 0 0 0 7 6 9 
5 9 0 0 0 0 4 8 0 
7 1 0 0 0 0 3 5 2 
8 3 7 1 6 5 0 0 4 
0 0 0 7 0 2 0 1 3 
0 2 0 9 3 0 0 7 6 
0 4 1 0 0 0 0 0 8 
0 0 8 0 0 0 0 3 7 
2 0 0 0 0 0 1 4 5 
******************
13. 0: NackedSingleInACell
[1, 8] = 1
0 8 2 0 0 0 7 6 9 
5 9 0 0 0 0 4 8 1 
7 1 0 0 0 0 3 5 2 
8 3 7 1 6 5 0 0 4 
0 0 0 7 0 2 0 1 3 
0 2 0 9 3 0 0 7 6 
0 4 1 0 0 0 0 0 8 
0 0 8 0 0 0 0 3 7 
2 0 0 0 0 0 1 4 5 
******************
14. 1: HiddenSingleInACell
[5, 0] = 1
0 8 2 0 0 0 7 6 9 
5 9 0 0 0 0 4 8 1 
7 1 0 0 0 0 3 5 2 
8 3 7 1 6 5 0 0 4 
0 0 0 7 0 2 0 1 3 
1 2 0 9 3 0 0 7 6 
0 4 1 0 0 0 0 0 8 
0 0 8 0 0 0 0 3 7 
2 0 0 0 0 0 1 4 5 
******************
15. 1: HiddenSingleInACell
[7, 1] = 5
0 8 2 0 0 0 7 6 9 
5 9 0 0 0 0 4 8 1 
7 1 0 0 0 0 3 5 2 
8 3 7 1 6 5 0 0 4 
0 0 0 7 0 2 0 1 3 
1 2 0 9 3 0 0 7 6 
0 4 1 0 0 0 0 0 8 
0 5 8 0 0 0 0 3 7 
2 0 0 0 0 0 1 4 5 
******************
16. 0: NackedSingleInACell
[4, 1] = 6
0 8 2 0 0 0 7 6 9 
5 9 0 0 0 0 4 8 1 
7 1 0 0 0 0 3 5 2 
8 3 7 1 6 5 0 0 4 
0 6 0 7 0 2 0 1 3 
1 2 0 9 3 0 0 7 6 
0 4 1 0 0 0 0 0 8 
0 5 8 0 0 0 0 3 7 
2 0 0 0 0 0 1 4 5 
******************
17. 0: NackedSingleInACell
[8, 1] = 7
0 8 2 0 0 0 7 6 9 
5 9 0 0 0 0 4 8 1 
7 1 0 0 0 0 3 5 2 
8 3 7 1 6 5 0 0 4 
0 6 0 7 0 2 0 1 3 
1 2 0 9 3 0 0 7 6 
0 4 1 0 0 0 0 0 8 
0 5 8 0 0 0 0 3 7 
2 7 0 0 0 0 1 4 5 
******************
18. 2: PointingPairsInCell
[1, 2] = 0
[2, 2] = 0
6: [8, 2]
0 8 2 0 0 0 7 6 9 
5 9 0 0 0 0 4 8 1 
7 1 0 0 0 0 3 5 2 
8 3 7 1 6 5 0 0 4 
0 6 0 7 0 2 0 1 3 
1 2 0 9 3 0 0 7 6 
0 4 1 0 0 0 0 0 8 
0 5 8 0 0 0 0 3 7 
2 7 0 0 0 0 1 4 5 
******************
19. 2: PointingPairsInCell
[3, 6] = 0
[3, 7] = 0
9: [4, 6]
0 8 2 0 0 0 7 6 9 
5 9 0 0 0 0 4 8 1 
7 1 0 0 0 0 3 5 2 
8 3 7 1 6 5 0 0 4 
0 6 0 7 0 2 0 1 3 
1 2 0 9 3 0 0 7 6 
0 4 1 0 0 0 0 0 8 
0 5 8 0 0 0 0 3 7 
2 7 0 0 0 0 1 4 5 
******************
20. 2: PointingPairsInCell
[8, 3] = 0
[8, 5] = 0
6: [6, 5]
6: [7, 3]
6: [6, 3]
6: [7, 5]
0 8 2 0 0 0 7 6 9 
5 9 0 0 0 0 4 8 1 
7 1 0 0 0 0 3 5 2 
8 3 7 1 6 5 0 0 4 
0 6 0 7 0 2 0 1 3 
1 2 0 9 3 0 0 7 6 
0 4 1 0 0 0 0 0 8 
0 5 8 0 0 0 0 3 7 
2 7 0 0 0 0 1 4 5 
******************
21. 3: Backtrack
4 8 2 3 5 1 7 6 9 
5 9 3 2 7 6 4 8 1 
7 1 6 8 9 4 3 5 2 
8 3 7 1 6 5 9 2 4 
9 6 5 7 4 2 8 1 3 
1 2 4 9 3 8 5 7 6 
3 4 1 5 2 7 6 9 8 
6 5 8 4 1 9 2 3 7 
2 7 9 6 8 3 1 4 5 
******************
Choose your option