First insert your sudoku:
2 1 0 0 0 3 0 8 0
0 0 0 0 9 1 0 3 4
0 9 0 4 6 0 5 0 0
0 2 0 0 4 0 0 6 3
0 6 0 2 0 8 7 1 0
0 0 7 1 5 0 4 0 0
6 0 0 7 0 0 0 0 0
5 0 0 0 1 4 9 0 6
9 3 2 0 0 0 0 0 7
Choose your option
all
*********************
 ***  ALL STEPS  ***
*********************
1. 0: NackedSingleInACell
[0, 3] = 5
2 1 0 5 0 3 0 8 0
0 0 0 0 9 1 0 3 4
0 9 0 4 6 0 5 0 0
0 2 0 0 4 0 0 6 3
0 6 0 2 0 8 7 1 0
0 0 7 1 5 0 4 0 0
6 0 0 7 0 0 0 0 0
5 0 0 0 1 4 9 0 6
9 3 2 0 0 0 0 0 7
******************
2. 0: NackedSingleInACell
[0, 4] = 7
2 1 0 5 7 3 0 8 0
0 0 0 0 9 1 0 3 4
0 9 0 4 6 0 5 0 0
0 2 0 0 4 0 0 6 3
0 6 0 2 0 8 7 1 0
0 0 7 1 5 0 4 0 0
6 0 0 7 0 0 0 0 0
5 0 0 0 1 4 9 0 6
9 3 2 0 0 0 0 0 7
******************
3. 0: NackedSingleInACell
[0, 6] = 6
2 1 0 5 7 3 6 8 0
0 0 0 0 9 1 0 3 4
0 9 0 4 6 0 5 0 0
0 2 0 0 4 0 0 6 3
0 6 0 2 0 8 7 1 0
0 0 7 1 5 0 4 0 0
6 0 0 7 0 0 0 0 0
5 0 0 0 1 4 9 0 6
9 3 2 0 0 0 0 0 7
******************
4. 0: NackedSingleInACell
[0, 2] = 4
2 1 4 5 7 3 6 8 0
0 0 0 0 9 1 0 3 4
0 9 0 4 6 0 5 0 0
0 2 0 0 4 0 0 6 3
0 6 0 2 0 8 7 1 0
0 0 7 1 5 0 4 0 0
6 0 0 7 0 0 0 0 0
5 0 0 0 1 4 9 0 6
9 3 2 0 0 0 0 0 7
******************
5. 0: NackedSingleInACell
[0, 8] = 9
2 1 4 5 7 3 6 8 9
0 0 0 0 9 1 0 3 4
0 9 0 4 6 0 5 0 0
0 2 0 0 4 0 0 6 3
0 6 0 2 0 8 7 1 0
0 0 7 1 5 0 4 0 0
6 0 0 7 0 0 0 0 0
5 0 0 0 1 4 9 0 6
9 3 2 0 0 0 0 0 7
******************
6. 0: NackedSingleInACell
[1, 3] = 8
2 1 4 5 7 3 6 8 9
0 0 0 8 9 1 0 3 4
0 9 0 4 6 0 5 0 0
0 2 0 0 4 0 0 6 3
0 6 0 2 0 8 7 1 0
0 0 7 1 5 0 4 0 0
6 0 0 7 0 0 0 0 0
5 0 0 0 1 4 9 0 6
9 3 2 0 0 0 0 0 7
******************
7. 0: NackedSingleInACell
[1, 0] = 7
2 1 4 5 7 3 6 8 9
7 0 0 8 9 1 0 3 4
0 9 0 4 6 0 5 0 0
0 2 0 0 4 0 0 6 3
0 6 0 2 0 8 7 1 0
0 0 7 1 5 0 4 0 0
6 0 0 7 0 0 0 0 0
5 0 0 0 1 4 9 0 6
9 3 2 0 0 0 0 0 7
******************
8. 0: NackedSingleInACell
[1, 1] = 5
2 1 4 5 7 3 6 8 9
7 5 0 8 9 1 0 3 4
0 9 0 4 6 0 5 0 0
0 2 0 0 4 0 0 6 3
0 6 0 2 0 8 7 1 0
0 0 7 1 5 0 4 0 0
6 0 0 7 0 0 0 0 0
5 0 0 0 1 4 9 0 6
9 3 2 0 0 0 0 0 7
******************
9. 0: NackedSingleInACell
[1, 2] = 6
2 1 4 5 7 3 6 8 9
7 5 6 8 9 1 0 3 4
0 9 0 4 6 0 5 0 0
0 2 0 0 4 0 0 6 3
0 6 0 2 0 8 7 1 0
0 0 7 1 5 0 4 0 0
6 0 0 7 0 0 0 0 0
5 0 0 0 1 4 9 0 6
9 3 2 0 0 0 0 0 7
******************
10. 0: NackedSingleInACell
[1, 6] = 2
2 1 4 5 7 3 6 8 9
7 5 6 8 9 1 2 3 4
0 9 0 4 6 0 5 0 0
0 2 0 0 4 0 0 6 3
0 6 0 2 0 8 7 1 0
0 0 7 1 5 0 4 0 0
6 0 0 7 0 0 0 0 0
5 0 0 0 1 4 9 0 6
9 3 2 0 0 0 0 0 7
******************
11. 0: NackedSingleInACell
[2, 5] = 2
2 1 4 5 7 3 6 8 9
7 5 6 8 9 1 2 3 4
0 9 0 4 6 2 5 0 0
0 2 0 0 4 0 0 6 3
0 6 0 2 0 8 7 1 0
0 0 7 1 5 0 4 0 0
6 0 0 7 0 0 0 0 0
5 0 0 0 1 4 9 0 6
9 3 2 0 0 0 0 0 7
******************
12. 0: NackedSingleInACell
[2, 7] = 7
2 1 4 5 7 3 6 8 9
7 5 6 8 9 1 2 3 4
0 9 0 4 6 2 5 7 0
0 2 0 0 4 0 0 6 3
0 6 0 2 0 8 7 1 0
0 0 7 1 5 0 4 0 0
6 0 0 7 0 0 0 0 0
5 0 0 0 1 4 9 0 6
9 3 2 0 0 0 0 0 7
******************
13. 0: NackedSingleInACell
[2, 8] = 1
2 1 4 5 7 3 6 8 9
7 5 6 8 9 1 2 3 4
0 9 0 4 6 2 5 7 1
0 2 0 0 4 0 0 6 3
0 6 0 2 0 8 7 1 0
0 0 7 1 5 0 4 0 0
6 0 0 7 0 0 0 0 0
5 0 0 0 1 4 9 0 6
9 3 2 0 0 0 0 0 7
******************
14. 0: NackedSingleInACell
[3, 3] = 9
2 1 4 5 7 3 6 8 9
7 5 6 8 9 1 2 3 4
0 9 0 4 6 2 5 7 1
0 2 0 9 4 0 0 6 3
0 6 0 2 0 8 7 1 0
0 0 7 1 5 0 4 0 0
6 0 0 7 0 0 0 0 0
5 0 0 0 1 4 9 0 6
9 3 2 0 0 0 0 0 7
******************
15. 0: NackedSingleInACell
[3, 5] = 7
2 1 4 5 7 3 6 8 9
7 5 6 8 9 1 2 3 4
0 9 0 4 6 2 5 7 1
0 2 0 9 4 7 0 6 3
0 6 0 2 0 8 7 1 0
0 0 7 1 5 0 4 0 0
6 0 0 7 0 0 0 0 0
5 0 0 0 1 4 9 0 6
9 3 2 0 0 0 0 0 7
******************
16. 0: NackedSingleInACell
[3, 6] = 8
2 1 4 5 7 3 6 8 9
7 5 6 8 9 1 2 3 4
0 9 0 4 6 2 5 7 1
0 2 0 9 4 7 8 6 3
0 6 0 2 0 8 7 1 0
0 0 7 1 5 0 4 0 0
6 0 0 7 0 0 0 0 0
5 0 0 0 1 4 9 0 6
9 3 2 0 0 0 0 0 7
******************
17. 0: NackedSingleInACell
[3, 0] = 1
2 1 4 5 7 3 6 8 9
7 5 6 8 9 1 2 3 4
0 9 0 4 6 2 5 7 1
1 2 0 9 4 7 8 6 3
0 6 0 2 0 8 7 1 0
0 0 7 1 5 0 4 0 0
6 0 0 7 0 0 0 0 0
5 0 0 0 1 4 9 0 6
9 3 2 0 0 0 0 0 7
******************
18. 0: NackedSingleInACell
[3, 2] = 5
2 1 4 5 7 3 6 8 9
7 5 6 8 9 1 2 3 4
0 9 0 4 6 2 5 7 1
1 2 5 9 4 7 8 6 3
0 6 0 2 0 8 7 1 0
0 0 7 1 5 0 4 0 0
6 0 0 7 0 0 0 0 0
5 0 0 0 1 4 9 0 6
9 3 2 0 0 0 0 0 7
******************
19. 0: NackedSingleInACell
[4, 4] = 3
2 1 4 5 7 3 6 8 9
7 5 6 8 9 1 2 3 4
0 9 0 4 6 2 5 7 1
1 2 5 9 4 7 8 6 3
0 6 0 2 3 8 7 1 0
0 0 7 1 5 0 4 0 0
6 0 0 7 0 0 0 0 0
5 0 0 0 1 4 9 0 6
9 3 2 0 0 0 0 0 7
******************
20. 0: NackedSingleInACell
[4, 0] = 4
2 1 4 5 7 3 6 8 9
7 5 6 8 9 1 2 3 4
0 9 0 4 6 2 5 7 1
1 2 5 9 4 7 8 6 3
4 6 0 2 3 8 7 1 0
0 0 7 1 5 0 4 0 0
6 0 0 7 0 0 0 0 0
5 0 0 0 1 4 9 0 6
9 3 2 0 0 0 0 0 7
******************
21. 0: NackedSingleInACell
[4, 2] = 9
2 1 4 5 7 3 6 8 9
7 5 6 8 9 1 2 3 4
0 9 0 4 6 2 5 7 1
1 2 5 9 4 7 8 6 3
4 6 9 2 3 8 7 1 0
0 0 7 1 5 0 4 0 0
6 0 0 7 0 0 0 0 0
5 0 0 0 1 4 9 0 6
9 3 2 0 0 0 0 0 7
******************
22. 0: NackedSingleInACell
[4, 8] = 5
2 1 4 5 7 3 6 8 9
7 5 6 8 9 1 2 3 4
0 9 0 4 6 2 5 7 1
1 2 5 9 4 7 8 6 3
4 6 9 2 3 8 7 1 5
0 0 7 1 5 0 4 0 0
6 0 0 7 0 0 0 0 0
5 0 0 0 1 4 9 0 6
9 3 2 0 0 0 0 0 7
******************
23. 0: NackedSingleInACell
[5, 1] = 8
2 1 4 5 7 3 6 8 9
7 5 6 8 9 1 2 3 4
0 9 0 4 6 2 5 7 1
1 2 5 9 4 7 8 6 3
4 6 9 2 3 8 7 1 5
0 8 7 1 5 0 4 0 0
6 0 0 7 0 0 0 0 0
5 0 0 0 1 4 9 0 6
9 3 2 0 0 0 0 0 7
******************
24. 0: NackedSingleInACell
[5, 0] = 3
2 1 4 5 7 3 6 8 9
7 5 6 8 9 1 2 3 4
0 9 0 4 6 2 5 7 1
1 2 5 9 4 7 8 6 3
4 6 9 2 3 8 7 1 5
3 8 7 1 5 0 4 0 0
6 0 0 7 0 0 0 0 0
5 0 0 0 1 4 9 0 6
9 3 2 0 0 0 0 0 7
******************
25. 0: NackedSingleInACell
[2, 0] = 8
2 1 4 5 7 3 6 8 9
7 5 6 8 9 1 2 3 4
8 9 0 4 6 2 5 7 1
1 2 5 9 4 7 8 6 3
4 6 9 2 3 8 7 1 5
3 8 7 1 5 0 4 0 0
6 0 0 7 0 0 0 0 0
5 0 0 0 1 4 9 0 6
9 3 2 0 0 0 0 0 7
******************
26. 0: NackedSingleInACell
[2, 2] = 3
2 1 4 5 7 3 6 8 9
7 5 6 8 9 1 2 3 4
8 9 3 4 6 2 5 7 1
1 2 5 9 4 7 8 6 3
4 6 9 2 3 8 7 1 5
3 8 7 1 5 0 4 0 0
6 0 0 7 0 0 0 0 0
5 0 0 0 1 4 9 0 6
9 3 2 0 0 0 0 0 7
******************
27. 0: NackedSingleInACell
[5, 5] = 6
2 1 4 5 7 3 6 8 9
7 5 6 8 9 1 2 3 4
8 9 3 4 6 2 5 7 1
1 2 5 9 4 7 8 6 3
4 6 9 2 3 8 7 1 5
3 8 7 1 5 6 4 0 0
6 0 0 7 0 0 0 0 0
5 0 0 0 1 4 9 0 6
9 3 2 0 0 0 0 0 7
******************
28. 0: NackedSingleInACell
[5, 8] = 2
2 1 4 5 7 3 6 8 9
7 5 6 8 9 1 2 3 4
8 9 3 4 6 2 5 7 1
1 2 5 9 4 7 8 6 3
4 6 9 2 3 8 7 1 5
3 8 7 1 5 6 4 0 2
6 0 0 7 0 0 0 0 0
5 0 0 0 1 4 9 0 6
9 3 2 0 0 0 0 0 7
******************
29. 0: NackedSingleInACell
[5, 7] = 9
2 1 4 5 7 3 6 8 9
7 5 6 8 9 1 2 3 4
8 9 3 4 6 2 5 7 1
1 2 5 9 4 7 8 6 3
4 6 9 2 3 8 7 1 5
3 8 7 1 5 6 4 9 2
6 0 0 7 0 0 0 0 0
5 0 0 0 1 4 9 0 6
9 3 2 0 0 0 0 0 7
******************
30. 0: NackedSingleInACell
[6, 1] = 4
2 1 4 5 7 3 6 8 9
7 5 6 8 9 1 2 3 4
8 9 3 4 6 2 5 7 1
1 2 5 9 4 7 8 6 3
4 6 9 2 3 8 7 1 5
3 8 7 1 5 6 4 9 2
6 4 0 7 0 0 0 0 0
5 0 0 0 1 4 9 0 6
9 3 2 0 0 0 0 0 7
******************
31. 0: NackedSingleInACell
[6, 8] = 8
2 1 4 5 7 3 6 8 9
7 5 6 8 9 1 2 3 4
8 9 3 4 6 2 5 7 1
1 2 5 9 4 7 8 6 3
4 6 9 2 3 8 7 1 5
3 8 7 1 5 6 4 9 2
6 4 0 7 0 0 0 0 8
5 0 0 0 1 4 9 0 6
9 3 2 0 0 0 0 0 7
******************
32. 0: NackedSingleInACell
[6, 2] = 1
2 1 4 5 7 3 6 8 9
7 5 6 8 9 1 2 3 4
8 9 3 4 6 2 5 7 1
1 2 5 9 4 7 8 6 3
4 6 9 2 3 8 7 1 5
3 8 7 1 5 6 4 9 2
6 4 1 7 0 0 0 0 8
5 0 0 0 1 4 9 0 6
9 3 2 0 0 0 0 0 7
******************
33. 0: NackedSingleInACell
[6, 4] = 2
2 1 4 5 7 3 6 8 9
7 5 6 8 9 1 2 3 4
8 9 3 4 6 2 5 7 1
1 2 5 9 4 7 8 6 3
4 6 9 2 3 8 7 1 5
3 8 7 1 5 6 4 9 2
6 4 1 7 2 0 0 0 8
5 0 0 0 1 4 9 0 6
9 3 2 0 0 0 0 0 7
******************
34. 0: NackedSingleInACell
[6, 6] = 3
2 1 4 5 7 3 6 8 9
7 5 6 8 9 1 2 3 4
8 9 3 4 6 2 5 7 1
1 2 5 9 4 7 8 6 3
4 6 9 2 3 8 7 1 5
3 8 7 1 5 6 4 9 2
6 4 1 7 2 0 3 0 8
5 0 0 0 1 4 9 0 6
9 3 2 0 0 0 0 0 7
******************
35. 0: NackedSingleInACell
[6, 7] = 5
2 1 4 5 7 3 6 8 9
7 5 6 8 9 1 2 3 4
8 9 3 4 6 2 5 7 1
1 2 5 9 4 7 8 6 3
4 6 9 2 3 8 7 1 5
3 8 7 1 5 6 4 9 2
6 4 1 7 2 0 3 5 8
5 0 0 0 1 4 9 0 6
9 3 2 0 0 0 0 0 7
******************
36. 0: NackedSingleInACell
[6, 5] = 9
2 1 4 5 7 3 6 8 9
7 5 6 8 9 1 2 3 4
8 9 3 4 6 2 5 7 1
1 2 5 9 4 7 8 6 3
4 6 9 2 3 8 7 1 5
3 8 7 1 5 6 4 9 2
6 4 1 7 2 9 3 5 8
5 0 0 0 1 4 9 0 6
9 3 2 0 0 0 0 0 7
******************
37. 0: NackedSingleInACell
[7, 1] = 7
2 1 4 5 7 3 6 8 9
7 5 6 8 9 1 2 3 4
8 9 3 4 6 2 5 7 1
1 2 5 9 4 7 8 6 3
4 6 9 2 3 8 7 1 5
3 8 7 1 5 6 4 9 2
6 4 1 7 2 9 3 5 8
5 7 0 0 1 4 9 0 6
9 3 2 0 0 0 0 0 7
******************
38. 0: NackedSingleInACell
[7, 2] = 8
2 1 4 5 7 3 6 8 9
7 5 6 8 9 1 2 3 4
8 9 3 4 6 2 5 7 1
1 2 5 9 4 7 8 6 3
4 6 9 2 3 8 7 1 5
3 8 7 1 5 6 4 9 2
6 4 1 7 2 9 3 5 8
5 7 8 0 1 4 9 0 6
9 3 2 0 0 0 0 0 7
******************
39. 0: NackedSingleInACell
[7, 3] = 3
2 1 4 5 7 3 6 8 9
7 5 6 8 9 1 2 3 4
8 9 3 4 6 2 5 7 1
1 2 5 9 4 7 8 6 3
4 6 9 2 3 8 7 1 5
3 8 7 1 5 6 4 9 2
6 4 1 7 2 9 3 5 8
5 7 8 3 1 4 9 0 6
9 3 2 0 0 0 0 0 7
******************
40. 0: NackedSingleInACell
[7, 7] = 2
2 1 4 5 7 3 6 8 9
7 5 6 8 9 1 2 3 4
8 9 3 4 6 2 5 7 1
1 2 5 9 4 7 8 6 3
4 6 9 2 3 8 7 1 5
3 8 7 1 5 6 4 9 2
6 4 1 7 2 9 3 5 8
5 7 8 3 1 4 9 2 6
9 3 2 0 0 0 0 0 7
******************
41. 0: NackedSingleInACell
[8, 3] = 6
2 1 4 5 7 3 6 8 9
7 5 6 8 9 1 2 3 4
8 9 3 4 6 2 5 7 1
1 2 5 9 4 7 8 6 3
4 6 9 2 3 8 7 1 5
3 8 7 1 5 6 4 9 2
6 4 1 7 2 9 3 5 8
5 7 8 3 1 4 9 2 6
9 3 2 6 0 0 0 0 7
******************
42. 0: NackedSingleInACell
[8, 4] = 8
2 1 4 5 7 3 6 8 9
7 5 6 8 9 1 2 3 4
8 9 3 4 6 2 5 7 1
1 2 5 9 4 7 8 6 3
4 6 9 2 3 8 7 1 5
3 8 7 1 5 6 4 9 2
6 4 1 7 2 9 3 5 8
5 7 8 3 1 4 9 2 6
9 3 2 6 8 0 0 0 7
******************
43. 0: NackedSingleInACell
[8, 5] = 5
2 1 4 5 7 3 6 8 9
7 5 6 8 9 1 2 3 4
8 9 3 4 6 2 5 7 1
1 2 5 9 4 7 8 6 3
4 6 9 2 3 8 7 1 5
3 8 7 1 5 6 4 9 2
6 4 1 7 2 9 3 5 8
5 7 8 3 1 4 9 2 6
9 3 2 6 8 5 0 0 7
******************
44. 0: NackedSingleInACell
[8, 6] = 1
2 1 4 5 7 3 6 8 9
7 5 6 8 9 1 2 3 4
8 9 3 4 6 2 5 7 1
1 2 5 9 4 7 8 6 3
4 6 9 2 3 8 7 1 5
3 8 7 1 5 6 4 9 2
6 4 1 7 2 9 3 5 8
5 7 8 3 1 4 9 2 6
9 3 2 6 8 5 1 0 7
******************
45. 0: NackedSingleInACell
[8, 7] = 4
2 1 4 5 7 3 6 8 9
7 5 6 8 9 1 2 3 4
8 9 3 4 6 2 5 7 1
1 2 5 9 4 7 8 6 3
4 6 9 2 3 8 7 1 5
3 8 7 1 5 6 4 9 2
6 4 1 7 2 9 3 5 8
5 7 8 3 1 4 9 2 6
9 3 2 6 8 5 1 4 7
******************