First insert your sudoku:
7 0 0 9 0 8 0 4 0
0 0 0 7 5 0 0 2 0
0 0 0 0 0 0 7 0 3
9 0 0 0 1 7 0 0 4
6 8 0 0 0 0 0 3 7
4 0 0 8 6 0 0 0 1
2 0 9 0 0 0 0 0 0
0 6 0 0 8 5 0 0 0
0 5 0 1 0 9 0 0 6
Choose your option
all
*********************
 ***  ALL STEPS  ***
*********************
1. 0: NackedSingleInACell
[0, 8] = 5
7 0 0 9 0 8 0 4 5
0 0 0 7 5 0 0 2 0
0 0 0 0 0 0 7 0 3
9 0 0 0 1 7 0 0 4
6 8 0 0 0 0 0 3 7
4 0 0 8 6 0 0 0 1
2 0 9 0 0 0 0 0 0
0 6 0 0 8 5 0 0 0
0 5 0 1 0 9 0 0 6
******************
2. 0: NackedSingleInACell
[6, 8] = 8
7 0 0 9 0 8 0 4 5
0 0 0 7 5 0 0 2 0
0 0 0 0 0 0 7 0 3
9 0 0 0 1 7 0 0 4
6 8 0 0 0 0 0 3 7
4 0 0 8 6 0 0 0 1
2 0 9 0 0 0 0 0 8
0 6 0 0 8 5 0 0 0
0 5 0 1 0 9 0 0 6
******************
3. 0: NackedSingleInACell
[1, 8] = 9
7 0 0 9 0 8 0 4 5
0 0 0 7 5 0 0 2 9
0 0 0 0 0 0 7 0 3
9 0 0 0 1 7 0 0 4
6 8 0 0 0 0 0 3 7
4 0 0 8 6 0 0 0 1
2 0 9 0 0 0 0 0 8
0 6 0 0 8 5 0 0 0
0 5 0 1 0 9 0 0 6
******************
4. 0: NackedSingleInACell
[7, 8] = 2
7 0 0 9 0 8 0 4 5
0 0 0 7 5 0 0 2 9
0 0 0 0 0 0 7 0 3
9 0 0 0 1 7 0 0 4
6 8 0 0 0 0 0 3 7
4 0 0 8 6 0 0 0 1
2 0 9 0 0 0 0 0 8
0 6 0 0 8 5 0 0 2
0 5 0 1 0 9 0 0 6
******************
5. 0: NackedSingleInACell
[8, 7] = 7
7 0 0 9 0 8 0 4 5
0 0 0 7 5 0 0 2 9
0 0 0 0 0 0 7 0 3
9 0 0 0 1 7 0 0 4
6 8 0 0 0 0 0 3 7
4 0 0 8 6 0 0 0 1
2 0 9 0 0 0 0 0 8
0 6 0 0 8 5 0 0 2
0 5 0 1 0 9 0 7 6
******************
6. 1: HiddenSingleInACell
[2, 0] = 5
7 0 0 9 0 8 0 4 5
0 0 0 7 5 0 0 2 9
5 0 0 0 0 0 7 0 3
9 0 0 0 1 7 0 0 4
6 8 0 0 0 0 0 3 7
4 0 0 8 6 0 0 0 1
2 0 9 0 0 0 0 0 8
0 6 0 0 8 5 0 0 2
0 5 0 1 0 9 0 7 6
******************
7. 1: HiddenSingleInACell
[2, 1] = 9
7 0 0 9 0 8 0 4 5
0 0 0 7 5 0 0 2 9
5 9 0 0 0 0 7 0 3
9 0 0 0 1 7 0 0 4
6 8 0 0 0 0 0 3 7
4 0 0 8 6 0 0 0 1
2 0 9 0 0 0 0 0 8
0 6 0 0 8 5 0 0 2
0 5 0 1 0 9 0 7 6
******************
8. 1: HiddenSingleInACell
[4, 2] = 1
7 0 0 9 0 8 0 4 5
0 0 0 7 5 0 0 2 9
5 9 0 0 0 0 7 0 3
9 0 0 0 1 7 0 0 4
6 8 1 0 0 0 0 3 7
4 0 0 8 6 0 0 0 1
2 0 9 0 0 0 0 0 8
0 6 0 0 8 5 0 0 2
0 5 0 1 0 9 0 7 6
******************
9. 1: HiddenSingleInACell
[4, 4] = 9
7 0 0 9 0 8 0 4 5
0 0 0 7 5 0 0 2 9
5 9 0 0 0 0 7 0 3
9 0 0 0 1 7 0 0 4
6 8 1 0 9 0 0 3 7
4 0 0 8 6 0 0 0 1
2 0 9 0 0 0 0 0 8
0 6 0 0 8 5 0 0 2
0 5 0 1 0 9 0 7 6
******************
10. 1: HiddenSingleInACell
[6, 4] = 7
7 0 0 9 0 8 0 4 5
0 0 0 7 5 0 0 2 9
5 9 0 0 0 0 7 0 3
9 0 0 0 1 7 0 0 4
6 8 1 0 9 0 0 3 7
4 0 0 8 6 0 0 0 1
2 0 9 0 7 0 0 0 8
0 6 0 0 8 5 0 0 2
0 5 0 1 0 9 0 7 6
******************
11. 1: HiddenSingleInACell
[5, 1] = 7
7 0 0 9 0 8 0 4 5
0 0 0 7 5 0 0 2 9
5 9 0 0 0 0 7 0 3
9 0 0 0 1 7 0 0 4
6 8 1 0 9 0 0 3 7
4 7 0 8 6 0 0 0 1
2 0 9 0 7 0 0 0 8
0 6 0 0 8 5 0 0 2
0 5 0 1 0 9 0 7 6
******************
12. 1: HiddenSingleInACell
[7, 2] = 7
7 0 0 9 0 8 0 4 5
0 0 0 7 5 0 0 2 9
5 9 0 0 0 0 7 0 3
9 0 0 0 1 7 0 0 4
6 8 1 0 9 0 0 3 7
4 7 0 8 6 0 0 0 1
2 0 9 0 7 0 0 0 8
0 6 7 0 8 5 0 0 2
0 5 0 1 0 9 0 7 6
******************
13. 1: HiddenSingleInACell
[8, 4] = 2
7 0 0 9 0 8 0 4 5
0 0 0 7 5 0 0 2 9
5 9 0 0 0 0 7 0 3
9 0 0 0 1 7 0 0 4
6 8 1 0 9 0 0 3 7
4 7 0 8 6 0 0 0 1
2 0 9 0 7 0 0 0 8
0 6 7 0 8 5 0 0 2
0 5 0 1 2 9 0 7 6
******************
14. 0: NackedSingleInACell
[0, 4] = 3
7 0 0 9 3 8 0 4 5
0 0 0 7 5 0 0 2 9
5 9 0 0 0 0 7 0 3
9 0 0 0 1 7 0 0 4
6 8 1 0 9 0 0 3 7
4 7 0 8 6 0 0 0 1
2 0 9 0 7 0 0 0 8
0 6 7 0 8 5 0 0 2
0 5 0 1 2 9 0 7 6
******************
15. 0: NackedSingleInACell
[2, 4] = 4
7 0 0 9 3 8 0 4 5
0 0 0 7 5 0 0 2 9
5 9 0 0 4 0 7 0 3
9 0 0 0 1 7 0 0 4
6 8 1 0 9 0 0 3 7
4 7 0 8 6 0 0 0 1
2 0 9 0 7 0 0 0 8
0 6 7 0 8 5 0 0 2
0 5 0 1 2 9 0 7 6
******************
16. 2: PointingPairsInCell
[0, 1] = 0
[0, 2] = 0
2: [2, 2]
7 0 0 9 3 8 0 4 5
0 0 0 7 5 0 0 2 9
5 9 0 0 4 0 7 0 3
9 0 0 0 1 7 0 0 4
6 8 1 0 9 0 0 3 7
4 7 0 8 6 0 0 0 1
2 0 9 0 7 0 0 0 8
0 6 7 0 8 5 0 0 2
0 5 0 1 2 9 0 7 6
******************
17. 3: Backtrack
7 1 2 9 3 8 6 4 5
8 3 4 7 5 6 1 2 9
5 9 6 2 4 1 7 8 3
9 2 5 3 1 7 8 6 4
6 8 1 5 9 4 2 3 7
4 7 3 8 6 2 9 5 1
2 4 9 6 7 3 5 1 8
1 6 7 4 8 5 3 9 2
3 5 8 1 2 9 4 7 6
******************
Choose your option