First insert your sudoku:
2 1 0 5 0 0 0 7 0
5 0 0 0 9 0 0 0 0
8 9 0 7 6 0 2 0 0
7 0 0 2 0 0 0 9 0
0 0 0 8 0 6 0 0 0
0 2 0 0 0 5 0 0 7
0 0 8 0 2 7 0 4 1
0 0 0 0 8 0 0 0 6
0 6 0 0 0 9 0 2 8
Choose your option
all
*********************
 ***  ALL STEPS  ***
*********************
1. 1: HiddenSingleInACell
[0, 8] = 9
2 1 0 5 0 0 0 7 9
5 0 0 0 9 0 0 0 0
8 9 0 7 6 0 2 0 0
7 0 0 2 0 0 0 9 0
0 0 0 8 0 6 0 0 0
0 2 0 0 0 5 0 0 7
0 0 8 0 2 7 0 4 1
0 0 0 0 8 0 0 0 6
0 6 0 0 0 9 0 2 8
******************
2. 1: HiddenSingleInACell
[1, 5] = 2
2 1 0 5 0 0 0 7 9
5 0 0 0 9 2 0 0 0
8 9 0 7 6 0 2 0 0
7 0 0 2 0 0 0 9 0
0 0 0 8 0 6 0 0 0
0 2 0 0 0 5 0 0 7
0 0 8 0 2 7 0 4 1
0 0 0 0 8 0 0 0 6
0 6 0 0 0 9 0 2 8
******************
3. 1: HiddenSingleInACell
[0, 5] = 8
2 1 0 5 0 8 0 7 9
5 0 0 0 9 2 0 0 0
8 9 0 7 6 0 2 0 0
7 0 0 2 0 0 0 9 0
0 0 0 8 0 6 0 0 0
0 2 0 0 0 5 0 0 7
0 0 8 0 2 7 0 4 1
0 0 0 0 8 0 0 0 6
0 6 0 0 0 9 0 2 8
******************
4. 1: HiddenSingleInACell
[3, 1] = 8
2 1 0 5 0 8 0 7 9
5 0 0 0 9 2 0 0 0
8 9 0 7 6 0 2 0 0
7 8 0 2 0 0 0 9 0
0 0 0 8 0 6 0 0 0
0 2 0 0 0 5 0 0 7
0 0 8 0 2 7 0 4 1
0 0 0 0 8 0 0 0 6
0 6 0 0 0 9 0 2 8
******************
5. 1: HiddenSingleInACell
[4, 4] = 7
2 1 0 5 0 8 0 7 9
5 0 0 0 9 2 0 0 0
8 9 0 7 6 0 2 0 0
7 8 0 2 0 0 0 9 0
0 0 0 8 7 6 0 0 0
0 2 0 0 0 5 0 0 7
0 0 8 0 2 7 0 4 1
0 0 0 0 8 0 0 0 6
0 6 0 0 0 9 0 2 8
******************
6. 1: HiddenSingleInACell
[4, 8] = 2
2 1 0 5 0 8 0 7 9
5 0 0 0 9 2 0 0 0
8 9 0 7 6 0 2 0 0
7 8 0 2 0 0 0 9 0
0 0 0 8 7 6 0 0 2
0 2 0 0 0 5 0 0 7
0 0 8 0 2 7 0 4 1
0 0 0 0 8 0 0 0 6
0 6 0 0 0 9 0 2 8
******************
7. 1: HiddenSingleInACell
[5, 0] = 6
2 1 0 5 0 8 0 7 9
5 0 0 0 9 2 0 0 0
8 9 0 7 6 0 2 0 0
7 8 0 2 0 0 0 9 0
0 0 0 8 7 6 0 0 2
6 2 0 0 0 5 0 0 7
0 0 8 0 2 7 0 4 1
0 0 0 0 8 0 0 0 6
0 6 0 0 0 9 0 2 8
******************
8. 1: HiddenSingleInACell
[1, 7] = 6
2 1 0 5 0 8 0 7 9
5 0 0 0 9 2 0 6 0
8 9 0 7 6 0 2 0 0
7 8 0 2 0 0 0 9 0
0 0 0 8 7 6 0 0 2
6 2 0 0 0 5 0 0 7
0 0 8 0 2 7 0 4 1
0 0 0 0 8 0 0 0 6
0 6 0 0 0 9 0 2 8
******************
9. 1: HiddenSingleInACell
[0, 2] = 6
2 1 6 5 0 8 0 7 9
5 0 0 0 9 2 0 6 0
8 9 0 7 6 0 2 0 0
7 8 0 2 0 0 0 9 0
0 0 0 8 7 6 0 0 2
6 2 0 0 0 5 0 0 7
0 0 8 0 2 7 0 4 1
0 0 0 0 8 0 0 0 6
0 6 0 0 0 9 0 2 8
******************
10. 1: HiddenSingleInACell
[1, 6] = 8
2 1 6 5 0 8 0 7 9
5 0 0 0 9 2 8 6 0
8 9 0 7 6 0 2 0 0
7 8 0 2 0 0 0 9 0
0 0 0 8 7 6 0 0 2
6 2 0 0 0 5 0 0 7
0 0 8 0 2 7 0 4 1
0 0 0 0 8 0 0 0 6
0 6 0 0 0 9 0 2 8
******************
11. 1: HiddenSingleInACell
[1, 3] = 1
2 1 6 5 0 8 0 7 9
5 0 0 1 9 2 8 6 0
8 9 0 7 6 0 2 0 0
7 8 0 2 0 0 0 9 0
0 0 0 8 7 6 0 0 2
6 2 0 0 0 5 0 0 7
0 0 8 0 2 7 0 4 1
0 0 0 0 8 0 0 0 6
0 6 0 0 0 9 0 2 8
******************
12. 1: HiddenSingleInACell
[2, 7] = 1
2 1 6 5 0 8 0 7 9
5 0 0 1 9 2 8 6 0
8 9 0 7 6 0 2 1 0
7 8 0 2 0 0 0 9 0
0 0 0 8 7 6 0 0 2
6 2 0 0 0 5 0 0 7
0 0 8 0 2 7 0 4 1
0 0 0 0 8 0 0 0 6
0 6 0 0 0 9 0 2 8
******************
13. 1: HiddenSingleInACell
[2, 8] = 5
2 1 6 5 0 8 0 7 9
5 0 0 1 9 2 8 6 0
8 9 0 7 6 0 2 1 5
7 8 0 2 0 0 0 9 0
0 0 0 8 7 6 0 0 2
6 2 0 0 0 5 0 0 7
0 0 8 0 2 7 0 4 1
0 0 0 0 8 0 0 0 6
0 6 0 0 0 9 0 2 8
******************
14. 1: HiddenSingleInACell
[3, 6] = 6
2 1 6 5 0 8 0 7 9
5 0 0 1 9 2 8 6 0
8 9 0 7 6 0 2 1 5
7 8 0 2 0 0 6 9 0
0 0 0 8 7 6 0 0 2
6 2 0 0 0 5 0 0 7
0 0 8 0 2 7 0 4 1
0 0 0 0 8 0 0 0 6
0 6 0 0 0 9 0 2 8
******************
15. 1: HiddenSingleInACell
[3, 2] = 5
2 1 6 5 0 8 0 7 9
5 0 0 1 9 2 8 6 0
8 9 0 7 6 0 2 1 5
7 8 5 2 0 0 6 9 0
0 0 0 8 7 6 0 0 2
6 2 0 0 0 5 0 0 7
0 0 8 0 2 7 0 4 1
0 0 0 0 8 0 0 0 6
0 6 0 0 0 9 0 2 8
******************
16. 1: HiddenSingleInACell
[5, 3] = 9
2 1 6 5 0 8 0 7 9
5 0 0 1 9 2 8 6 0
8 9 0 7 6 0 2 1 5
7 8 5 2 0 0 6 9 0
0 0 0 8 7 6 0 0 2
6 2 0 9 0 5 0 0 7
0 0 8 0 2 7 0 4 1
0 0 0 0 8 0 0 0 6
0 6 0 0 0 9 0 2 8
******************
17. 1: HiddenSingleInACell
[5, 7] = 8
2 1 6 5 0 8 0 7 9
5 0 0 1 9 2 8 6 0
8 9 0 7 6 0 2 1 5
7 8 5 2 0 0 6 9 0
0 0 0 8 7 6 0 0 2
6 2 0 9 0 5 0 8 7
0 0 8 0 2 7 0 4 1
0 0 0 0 8 0 0 0 6
0 6 0 0 0 9 0 2 8
******************
18. 1: HiddenSingleInACell
[6, 3] = 6
2 1 6 5 0 8 0 7 9
5 0 0 1 9 2 8 6 0
8 9 0 7 6 0 2 1 5
7 8 5 2 0 0 6 9 0
0 0 0 8 7 6 0 0 2
6 2 0 9 0 5 0 8 7
0 0 8 6 2 7 0 4 1
0 0 0 0 8 0 0 0 6
0 6 0 0 0 9 0 2 8
******************
19. 1: HiddenSingleInACell
[7, 2] = 2
2 1 6 5 0 8 0 7 9
5 0 0 1 9 2 8 6 0
8 9 0 7 6 0 2 1 5
7 8 5 2 0 0 6 9 0
0 0 0 8 7 6 0 0 2
6 2 0 9 0 5 0 8 7
0 0 8 6 2 7 0 4 1
0 0 2 0 8 0 0 0 6
0 6 0 0 0 9 0 2 8
******************
20. 1: HiddenSingleInACell
[4, 2] = 9
2 1 6 5 0 8 0 7 9
5 0 0 1 9 2 8 6 0
8 9 0 7 6 0 2 1 5
7 8 5 2 0 0 6 9 0
0 0 9 8 7 6 0 0 2
6 2 0 9 0 5 0 8 7
0 0 8 6 2 7 0 4 1
0 0 2 0 8 0 0 0 6
0 6 0 0 0 9 0 2 8
******************
21. 1: HiddenSingleInACell
[8, 4] = 5
2 1 6 5 0 8 0 7 9
5 0 0 1 9 2 8 6 0
8 9 0 7 6 0 2 1 5
7 8 5 2 0 0 6 9 0
0 0 9 8 7 6 0 0 2
6 2 0 9 0 5 0 8 7
0 0 8 6 2 7 0 4 1
0 0 2 0 8 0 0 0 6
0 6 0 0 5 9 0 2 8
******************
22. 1: HiddenSingleInACell
[7, 5] = 1
2 1 6 5 0 8 0 7 9
5 0 0 1 9 2 8 6 0
8 9 0 7 6 0 2 1 5
7 8 5 2 0 0 6 9 0
0 0 9 8 7 6 0 0 2
6 2 0 9 0 5 0 8 7
0 0 8 6 2 7 0 4 1
0 0 2 0 8 1 0 0 6
0 6 0 0 5 9 0 2 8
******************
23. 1: HiddenSingleInACell
[3, 4] = 1
2 1 6 5 0 8 0 7 9
5 0 0 1 9 2 8 6 0
8 9 0 7 6 0 2 1 5
7 8 5 2 1 0 6 9 0
0 0 9 8 7 6 0 0 2
6 2 0 9 0 5 0 8 7
0 0 8 6 2 7 0 4 1
0 0 2 0 8 1 0 0 6
0 6 0 0 5 9 0 2 8
******************
24. 3: Backtrack
2 1 6 5 3 8 4 7 9
5 4 7 1 9 2 8 6 3
8 9 3 7 6 4 2 1 5
7 8 5 2 1 3 6 9 4
4 3 9 8 7 6 1 5 2
6 2 1 9 4 5 3 8 7
3 5 8 6 2 7 9 4 1
9 7 2 4 8 1 5 3 6
1 6 4 3 5 9 7 2 8
******************
Choose your option