First insert your sudoku:
0 0 2 0 0 3 8 5 6
9 0 0 4 0 0 0 0 0
0 0 7 0 0 5 0 0 0
0 4 0 1 2 0 0 0 7
0 0 0 0 0 0 0 0 0
5 0 0 0 6 4 0 3 0
0 0 0 3 0 0 7 0 0
0 0 0 0 0 9 0 0 4
7 3 6 8 0 0 9 0 0
Choose your option
all
*********************
 ***  ALL STEPS  ***
*********************
1. 0: NackedSingleInACell
[0, 1] = 1
0 1 2 0 0 3 8 5 6
9 0 0 4 0 0 0 0 0
0 0 7 0 0 5 0 0 0
0 4 0 1 2 0 0 0 7
0 0 0 0 0 0 0 0 0
5 0 0 0 6 4 0 3 0
0 0 0 3 0 0 7 0 0
0 0 0 0 0 9 0 0 4
7 3 6 8 0 0 9 0 0
******************
2. 0: NackedSingleInACell
[0, 0] = 4
4 1 2 0 0 3 8 5 6
9 0 0 4 0 0 0 0 0
0 0 7 0 0 5 0 0 0
0 4 0 1 2 0 0 0 7
0 0 0 0 0 0 0 0 0
5 0 0 0 6 4 0 3 0
0 0 0 3 0 0 7 0 0
0 0 0 0 0 9 0 0 4
7 3 6 8 0 0 9 0 0
******************
3. 0: NackedSingleInACell
[3, 5] = 8
4 1 2 0 0 3 8 5 6
9 0 0 4 0 0 0 0 0
0 0 7 0 0 5 0 0 0
0 4 0 1 2 8 0 0 7
0 0 0 0 0 0 0 0 0
5 0 0 0 6 4 0 3 0
0 0 0 3 0 0 7 0 0
0 0 0 0 0 9 0 0 4
7 3 6 8 0 0 9 0 0
******************
4. 0: NackedSingleInACell
[4, 5] = 7
4 1 2 0 0 3 8 5 6
9 0 0 4 0 0 0 0 0
0 0 7 0 0 5 0 0 0
0 4 0 1 2 8 0 0 7
0 0 0 0 0 7 0 0 0
5 0 0 0 6 4 0 3 0
0 0 0 3 0 0 7 0 0
0 0 0 0 0 9 0 0 4
7 3 6 8 0 0 9 0 0
******************
5. 0: NackedSingleInACell
[5, 3] = 9
4 1 2 0 0 3 8 5 6
9 0 0 4 0 0 0 0 0
0 0 7 0 0 5 0 0 0
0 4 0 1 2 8 0 0 7
0 0 0 0 0 7 0 0 0
5 0 0 9 6 4 0 3 0
0 0 0 3 0 0 7 0 0
0 0 0 0 0 9 0 0 4
7 3 6 8 0 0 9 0 0
******************
6. 0: NackedSingleInACell
[0, 3] = 7
4 1 2 7 0 3 8 5 6
9 0 0 4 0 0 0 0 0
0 0 7 0 0 5 0 0 0
0 4 0 1 2 8 0 0 7
0 0 0 0 0 7 0 0 0
5 0 0 9 6 4 0 3 0
0 0 0 3 0 0 7 0 0
0 0 0 0 0 9 0 0 4
7 3 6 8 0 0 9 0 0
******************
7. 0: NackedSingleInACell
[0, 4] = 9
4 1 2 7 9 3 8 5 6
9 0 0 4 0 0 0 0 0
0 0 7 0 0 5 0 0 0
0 4 0 1 2 8 0 0 7
0 0 0 0 0 7 0 0 0
5 0 0 9 6 4 0 3 0
0 0 0 3 0 0 7 0 0
0 0 0 0 0 9 0 0 4
7 3 6 8 0 0 9 0 0
******************
8. 0: NackedSingleInACell
[4, 3] = 5
4 1 2 7 9 3 8 5 6
9 0 0 4 0 0 0 0 0
0 0 7 0 0 5 0 0 0
0 4 0 1 2 8 0 0 7
0 0 0 5 0 7 0 0 0
5 0 0 9 6 4 0 3 0
0 0 0 3 0 0 7 0 0
0 0 0 0 0 9 0 0 4
7 3 6 8 0 0 9 0 0
******************
9. 0: NackedSingleInACell
[4, 4] = 3
4 1 2 7 9 3 8 5 6
9 0 0 4 0 0 0 0 0
0 0 7 0 0 5 0 0 0
0 4 0 1 2 8 0 0 7
0 0 0 5 3 7 0 0 0
5 0 0 9 6 4 0 3 0
0 0 0 3 0 0 7 0 0
0 0 0 0 0 9 0 0 4
7 3 6 8 0 0 9 0 0
******************
10. 1: HiddenSingleInACell
[1, 7] = 7
4 1 2 7 9 3 8 5 6
9 0 0 4 0 0 0 7 0
0 0 7 0 0 5 0 0 0
0 4 0 1 2 8 0 0 7
0 0 0 5 3 7 0 0 0
5 0 0 9 6 4 0 3 0
0 0 0 3 0 0 7 0 0
0 0 0 0 0 9 0 0 4
7 3 6 8 0 0 9 0 0
******************
11. 1: HiddenSingleInACell
[3, 6] = 5
4 1 2 7 9 3 8 5 6
9 0 0 4 0 0 0 7 0
0 0 7 0 0 5 0 0 0
0 4 0 1 2 8 5 0 7
0 0 0 5 3 7 0 0 0
5 0 0 9 6 4 0 3 0
0 0 0 3 0 0 7 0 0
0 0 0 0 0 9 0 0 4
7 3 6 8 0 0 9 0 0
******************
12. 1: HiddenSingleInACell
[5, 1] = 7
4 1 2 7 9 3 8 5 6
9 0 0 4 0 0 0 7 0
0 0 7 0 0 5 0 0 0
0 4 0 1 2 8 5 0 7
0 0 0 5 3 7 0 0 0
5 7 0 9 6 4 0 3 0
0 0 0 3 0 0 7 0 0
0 0 0 0 0 9 0 0 4
7 3 6 8 0 0 9 0 0
******************
13. 1: HiddenSingleInACell
[6, 2] = 4
4 1 2 7 9 3 8 5 6
9 0 0 4 0 0 0 7 0
0 0 7 0 0 5 0 0 0
0 4 0 1 2 8 5 0 7
0 0 0 5 3 7 0 0 0
5 7 0 9 6 4 0 3 0
0 0 4 3 0 0 7 0 0
0 0 0 0 0 9 0 0 4
7 3 6 8 0 0 9 0 0
******************
14. 1: HiddenSingleInACell
[6, 1] = 9
4 1 2 7 9 3 8 5 6
9 0 0 4 0 0 0 7 0
0 0 7 0 0 5 0 0 0
0 4 0 1 2 8 5 0 7
0 0 0 5 3 7 0 0 0
5 7 0 9 6 4 0 3 0
0 9 4 3 0 0 7 0 0
0 0 0 0 0 9 0 0 4
7 3 6 8 0 0 9 0 0
******************
15. 1: HiddenSingleInACell
[7, 4] = 7
4 1 2 7 9 3 8 5 6
9 0 0 4 0 0 0 7 0
0 0 7 0 0 5 0 0 0
0 4 0 1 2 8 5 0 7
0 0 0 5 3 7 0 0 0
5 7 0 9 6 4 0 3 0
0 9 4 3 0 0 7 0 0
0 0 0 0 7 9 0 0 4
7 3 6 8 0 0 9 0 0
******************
16. 1: HiddenSingleInACell
[7, 6] = 3
4 1 2 7 9 3 8 5 6
9 0 0 4 0 0 0 7 0
0 0 7 0 0 5 0 0 0
0 4 0 1 2 8 5 0 7
0 0 0 5 3 7 0 0 0
5 7 0 9 6 4 0 3 0
0 9 4 3 0 0 7 0 0
0 0 0 0 7 9 3 0 4
7 3 6 8 0 0 9 0 0
******************
17. 1: HiddenSingleInACell
[4, 6] = 6
4 1 2 7 9 3 8 5 6
9 0 0 4 0 0 0 7 0
0 0 7 0 0 5 0 0 0
0 4 0 1 2 8 5 0 7
0 0 0 5 3 7 6 0 0
5 7 0 9 6 4 0 3 0
0 9 4 3 0 0 7 0 0
0 0 0 0 7 9 3 0 4
7 3 6 8 0 0 9 0 0
******************
18. 0: NackedSingleInACell
[3, 7] = 9
4 1 2 7 9 3 8 5 6
9 0 0 4 0 0 0 7 0
0 0 7 0 0 5 0 0 0
0 4 0 1 2 8 5 9 7
0 0 0 5 3 7 6 0 0
5 7 0 9 6 4 0 3 0
0 9 4 3 0 0 7 0 0
0 0 0 0 7 9 3 0 4
7 3 6 8 0 0 9 0 0
******************
19. 0: NackedSingleInACell
[3, 2] = 3
4 1 2 7 9 3 8 5 6
9 0 0 4 0 0 0 7 0
0 0 7 0 0 5 0 0 0
0 4 3 1 2 8 5 9 7
0 0 0 5 3 7 6 0 0
5 7 0 9 6 4 0 3 0
0 9 4 3 0 0 7 0 0
0 0 0 0 7 9 3 0 4
7 3 6 8 0 0 9 0 0
******************
20. 0: NackedSingleInACell
[3, 0] = 6
4 1 2 7 9 3 8 5 6
9 0 0 4 0 0 0 7 0
0 0 7 0 0 5 0 0 0
6 4 3 1 2 8 5 9 7
0 0 0 5 3 7 6 0 0
5 7 0 9 6 4 0 3 0
0 9 4 3 0 0 7 0 0
0 0 0 0 7 9 3 0 4
7 3 6 8 0 0 9 0 0
******************
21. 1: HiddenSingleInACell
[1, 8] = 3
4 1 2 7 9 3 8 5 6
9 0 0 4 0 0 0 7 3
0 0 7 0 0 5 0 0 0
6 4 3 1 2 8 5 9 7
0 0 0 5 3 7 6 0 0
5 7 0 9 6 4 0 3 0
0 9 4 3 0 0 7 0 0
0 0 0 0 7 9 3 0 4
7 3 6 8 0 0 9 0 0
******************
22. 1: HiddenSingleInACell
[2, 0] = 3
4 1 2 7 9 3 8 5 6
9 0 0 4 0 0 0 7 3
3 0 7 0 0 5 0 0 0
6 4 3 1 2 8 5 9 7
0 0 0 5 3 7 6 0 0
5 7 0 9 6 4 0 3 0
0 9 4 3 0 0 7 0 0
0 0 0 0 7 9 3 0 4
7 3 6 8 0 0 9 0 0
******************
23. 1: HiddenSingleInACell
[2, 6] = 4
4 1 2 7 9 3 8 5 6
9 0 0 4 0 0 0 7 3
3 0 7 0 0 5 4 0 0
6 4 3 1 2 8 5 9 7
0 0 0 5 3 7 6 0 0
5 7 0 9 6 4 0 3 0
0 9 4 3 0 0 7 0 0
0 0 0 0 7 9 3 0 4
7 3 6 8 0 0 9 0 0
******************
24. 1: HiddenSingleInACell
[2, 8] = 9
4 1 2 7 9 3 8 5 6
9 0 0 4 0 0 0 7 3
3 0 7 0 0 5 4 0 9
6 4 3 1 2 8 5 9 7
0 0 0 5 3 7 6 0 0
5 7 0 9 6 4 0 3 0
0 9 4 3 0 0 7 0 0
0 0 0 0 7 9 3 0 4
7 3 6 8 0 0 9 0 0
******************
25. 1: HiddenSingleInACell
[4, 2] = 9
4 1 2 7 9 3 8 5 6
9 0 0 4 0 0 0 7 3
3 0 7 0 0 5 4 0 9
6 4 3 1 2 8 5 9 7
0 0 9 5 3 7 6 0 0
5 7 0 9 6 4 0 3 0
0 9 4 3 0 0 7 0 0
0 0 0 0 7 9 3 0 4
7 3 6 8 0 0 9 0 0
******************
26. 1: HiddenSingleInACell
[4, 7] = 4
4 1 2 7 9 3 8 5 6
9 0 0 4 0 0 0 7 3
3 0 7 0 0 5 4 0 9
6 4 3 1 2 8 5 9 7
0 0 9 5 3 7 6 4 0
5 7 0 9 6 4 0 3 0
0 9 4 3 0 0 7 0 0
0 0 0 0 7 9 3 0 4
7 3 6 8 0 0 9 0 0
******************
27. 1: HiddenSingleInACell
[8, 4] = 4
4 1 2 7 9 3 8 5 6
9 0 0 4 0 0 0 7 3
3 0 7 0 0 5 4 0 9
6 4 3 1 2 8 5 9 7
0 0 9 5 3 7 6 4 0
5 7 0 9 6 4 0 3 0
0 9 4 3 0 0 7 0 0
0 0 0 0 7 9 3 0 4
7 3 6 8 4 0 9 0 0
******************
28. 1: HiddenSingleInACell
[6, 4] = 5
4 1 2 7 9 3 8 5 6
9 0 0 4 0 0 0 7 3
3 0 7 0 0 5 4 0 9
6 4 3 1 2 8 5 9 7
0 0 9 5 3 7 6 4 0
5 7 0 9 6 4 0 3 0
0 9 4 3 5 0 7 0 0
0 0 0 0 7 9 3 0 4
7 3 6 8 4 0 9 0 0
******************
29. 1: HiddenSingleInACell
[8, 8] = 5
4 1 2 7 9 3 8 5 6
9 0 0 4 0 0 0 7 3
3 0 7 0 0 5 4 0 9
6 4 3 1 2 8 5 9 7
0 0 9 5 3 7 6 4 0
5 7 0 9 6 4 0 3 0
0 9 4 3 5 0 7 0 0
0 0 0 0 7 9 3 0 4
7 3 6 8 4 0 9 0 5
******************
30. 2: PointingPairsInCell
[1, 4] = 0
[2, 4] = 0
1: [1, 5]
4 1 2 7 9 3 8 5 6
9 0 0 4 0 0 0 7 3
3 0 7 0 0 5 4 0 9
6 4 3 1 2 8 5 9 7
0 0 9 5 3 7 6 4 0
5 7 0 9 6 4 0 3 0
0 9 4 3 5 0 7 0 0
0 0 0 0 7 9 3 0 4
7 3 6 8 4 0 9 0 5
******************
31. 2: PointingPairsInCell
[4, 0] = 0
[4, 1] = 0
2: [4, 8]
4 1 2 7 9 3 8 5 6
9 0 0 4 0 0 0 7 3
3 0 7 0 0 5 4 0 9
6 4 3 1 2 8 5 9 7
0 0 9 5 3 7 6 4 0
5 7 0 9 6 4 0 3 0
0 9 4 3 5 0 7 0 0
0 0 0 0 7 9 3 0 4
7 3 6 8 4 0 9 0 5
******************
32. 2: PointingPairsInCell
[4, 8] = 0
[5, 8] = 0
8: [6, 8]
4 1 2 7 9 3 8 5 6
9 0 0 4 0 0 0 7 3
3 0 7 0 0 5 4 0 9
6 4 3 1 2 8 5 9 7
0 0 9 5 3 7 6 4 0
5 7 0 9 6 4 0 3 0
0 9 4 3 5 0 7 0 0
0 0 0 0 7 9 3 0 4
7 3 6 8 4 0 9 0 5
******************
33. 3: Backtrack
4 1 2 7 9 3 8 5 6
9 8 5 4 1 6 2 7 3
3 6 7 2 8 5 4 1 9
6 4 3 1 2 8 5 9 7
1 2 9 5 3 7 6 4 8
5 7 8 9 6 4 1 3 2
8 9 4 3 5 2 7 6 1
2 5 1 6 7 9 3 8 4
7 3 6 8 4 1 9 2 5
******************