First insert your sudoku:
9 1 0 6 0 0 3 0 0
0 0 4 0 3 8 0 9 0
0 0 0 0 0 0 0 2 6
4 0 0 0 0 0 2 0 7
0 0 0 0 8 0 0 0 0
8 0 2 0 0 0 0 0 9
5 8 0 0 0 0 0 0 0
0 4 0 5 1 0 8 0 0
0 0 9 0 0 3 0 7 2
Choose your option
all
*********************
 ***  ALL STEPS  ***
*********************
1. 0: NackedSingleInACell
[7, 8] = 3
9 1 0 6 0 0 3 0 0
0 0 4 0 3 8 0 9 0
0 0 0 0 0 0 0 2 6
4 0 0 0 0 0 2 0 7
0 0 0 0 8 0 0 0 0
8 0 2 0 0 0 0 0 9
5 8 0 0 0 0 0 0 0
0 4 0 5 1 0 8 0 3
0 0 9 0 0 3 0 7 2
******************
2. 0: NackedSingleInACell
[7, 7] = 6
9 1 0 6 0 0 3 0 0
0 0 4 0 3 8 0 9 0
0 0 0 0 0 0 0 2 6
4 0 0 0 0 0 2 0 7
0 0 0 0 8 0 0 0 0
8 0 2 0 0 0 0 0 9
5 8 0 0 0 0 0 0 0
0 4 0 5 1 0 8 6 3
0 0 9 0 0 3 0 7 2
******************
3. 0: NackedSingleInACell
[7, 2] = 7
9 1 0 6 0 0 3 0 0
0 0 4 0 3 8 0 9 0
0 0 0 0 0 0 0 2 6
4 0 0 0 0 0 2 0 7
0 0 0 0 8 0 0 0 0
8 0 2 0 0 0 0 0 9
5 8 0 0 0 0 0 0 0
0 4 7 5 1 0 8 6 3
0 0 9 0 0 3 0 7 2
******************
4. 0: NackedSingleInACell
[7, 0] = 2
9 1 0 6 0 0 3 0 0
0 0 4 0 3 8 0 9 0
0 0 0 0 0 0 0 2 6
4 0 0 0 0 0 2 0 7
0 0 0 0 8 0 0 0 0
8 0 2 0 0 0 0 0 9
5 8 0 0 0 0 0 0 0
2 4 7 5 1 0 8 6 3
0 0 9 0 0 3 0 7 2
******************
5. 0: NackedSingleInACell
[7, 5] = 9
9 1 0 6 0 0 3 0 0
0 0 4 0 3 8 0 9 0
0 0 0 0 0 0 0 2 6
4 0 0 0 0 0 2 0 7
0 0 0 0 8 0 0 0 0
8 0 2 0 0 0 0 0 9
5 8 0 0 0 0 0 0 0
2 4 7 5 1 9 8 6 3
0 0 9 0 0 3 0 7 2
******************
6. 0: NackedSingleInACell
[8, 1] = 6
9 1 0 6 0 0 3 0 0
0 0 4 0 3 8 0 9 0
0 0 0 0 0 0 0 2 6
4 0 0 0 0 0 2 0 7
0 0 0 0 8 0 0 0 0
8 0 2 0 0 0 0 0 9
5 8 0 0 0 0 0 0 0
2 4 7 5 1 9 8 6 3
0 6 9 0 0 3 0 7 2
******************
7. 0: NackedSingleInACell
[8, 0] = 1
9 1 0 6 0 0 3 0 0
0 0 4 0 3 8 0 9 0
0 0 0 0 0 0 0 2 6
4 0 0 0 0 0 2 0 7
0 0 0 0 8 0 0 0 0
8 0 2 0 0 0 0 0 9
5 8 0 0 0 0 0 0 0
2 4 7 5 1 9 8 6 3
1 6 9 0 0 3 0 7 2
******************
8. 0: NackedSingleInACell
[6, 2] = 3
9 1 0 6 0 0 3 0 0
0 0 4 0 3 8 0 9 0
0 0 0 0 0 0 0 2 6
4 0 0 0 0 0 2 0 7
0 0 0 0 8 0 0 0 0
8 0 2 0 0 0 0 0 9
5 8 3 0 0 0 0 0 0
2 4 7 5 1 9 8 6 3
1 6 9 0 0 3 0 7 2
******************
9. 0: NackedSingleInACell
[8, 4] = 4
9 1 0 6 0 0 3 0 0
0 0 4 0 3 8 0 9 0
0 0 0 0 0 0 0 2 6
4 0 0 0 0 0 2 0 7
0 0 0 0 8 0 0 0 0
8 0 2 0 0 0 0 0 9
5 8 3 0 0 0 0 0 0
2 4 7 5 1 9 8 6 3
1 6 9 0 4 3 0 7 2
******************
10. 0: NackedSingleInACell
[8, 3] = 8
9 1 0 6 0 0 3 0 0
0 0 4 0 3 8 0 9 0
0 0 0 0 0 0 0 2 6
4 0 0 0 0 0 2 0 7
0 0 0 0 8 0 0 0 0
8 0 2 0 0 0 0 0 9
5 8 3 0 0 0 0 0 0
2 4 7 5 1 9 8 6 3
1 6 9 8 4 3 0 7 2
******************
11. 0: NackedSingleInACell
[8, 6] = 5
9 1 0 6 0 0 3 0 0
0 0 4 0 3 8 0 9 0
0 0 0 0 0 0 0 2 6
4 0 0 0 0 0 2 0 7
0 0 0 0 8 0 0 0 0
8 0 2 0 0 0 0 0 9
5 8 3 0 0 0 0 0 0
2 4 7 5 1 9 8 6 3
1 6 9 8 4 3 5 7 2
******************
12. 1: HiddenSingleInACell
[0, 8] = 8
9 1 0 6 0 0 3 0 8
0 0 4 0 3 8 0 9 0
0 0 0 0 0 0 0 2 6
4 0 0 0 0 0 2 0 7
0 0 0 0 8 0 0 0 0
8 0 2 0 0 0 0 0 9
5 8 3 0 0 0 0 0 0
2 4 7 5 1 9 8 6 3
1 6 9 8 4 3 5 7 2
******************
13. 0: NackedSingleInACell
[0, 2] = 5
9 1 5 6 0 0 3 0 8
0 0 4 0 3 8 0 9 0
0 0 0 0 0 0 0 2 6
4 0 0 0 0 0 2 0 7
0 0 0 0 8 0 0 0 0
8 0 2 0 0 0 0 0 9
5 8 3 0 0 0 0 0 0
2 4 7 5 1 9 8 6 3
1 6 9 8 4 3 5 7 2
******************
14. 0: NackedSingleInACell
[0, 7] = 4
9 1 5 6 0 0 3 4 8
0 0 4 0 3 8 0 9 0
0 0 0 0 0 0 0 2 6
4 0 0 0 0 0 2 0 7
0 0 0 0 8 0 0 0 0
8 0 2 0 0 0 0 0 9
5 8 3 0 0 0 0 0 0
2 4 7 5 1 9 8 6 3
1 6 9 8 4 3 5 7 2
******************
15. 0: NackedSingleInACell
[2, 2] = 8
9 1 5 6 0 0 3 4 8
0 0 4 0 3 8 0 9 0
0 0 8 0 0 0 0 2 6
4 0 0 0 0 0 2 0 7
0 0 0 0 8 0 0 0 0
8 0 2 0 0 0 0 0 9
5 8 3 0 0 0 0 0 0
2 4 7 5 1 9 8 6 3
1 6 9 8 4 3 5 7 2
******************
16. 0: NackedSingleInACell
[6, 7] = 1
9 1 5 6 0 0 3 4 8
0 0 4 0 3 8 0 9 0
0 0 8 0 0 0 0 2 6
4 0 0 0 0 0 2 0 7
0 0 0 0 8 0 0 0 0
8 0 2 0 0 0 0 0 9
5 8 3 0 0 0 0 1 0
2 4 7 5 1 9 8 6 3
1 6 9 8 4 3 5 7 2
******************
17. 0: NackedSingleInACell
[6, 8] = 4
9 1 5 6 0 0 3 4 8
0 0 4 0 3 8 0 9 0
0 0 8 0 0 0 0 2 6
4 0 0 0 0 0 2 0 7
0 0 0 0 8 0 0 0 0
8 0 2 0 0 0 0 0 9
5 8 3 0 0 0 0 1 4
2 4 7 5 1 9 8 6 3
1 6 9 8 4 3 5 7 2
******************
18. 0: NackedSingleInACell
[6, 6] = 9
9 1 5 6 0 0 3 4 8
0 0 4 0 3 8 0 9 0
0 0 8 0 0 0 0 2 6
4 0 0 0 0 0 2 0 7
0 0 0 0 8 0 0 0 0
8 0 2 0 0 0 0 0 9
5 8 3 0 0 0 9 1 4
2 4 7 5 1 9 8 6 3
1 6 9 8 4 3 5 7 2
******************
19. 1: HiddenSingleInACell
[1, 0] = 6
9 1 5 6 0 0 3 4 8
6 0 4 0 3 8 0 9 0
0 0 8 0 0 0 0 2 6
4 0 0 0 0 0 2 0 7
0 0 0 0 8 0 0 0 0
8 0 2 0 0 0 0 0 9
5 8 3 0 0 0 9 1 4
2 4 7 5 1 9 8 6 3
1 6 9 8 4 3 5 7 2
******************
20. 1: HiddenSingleInACell
[1, 1] = 2
9 1 5 6 0 0 3 4 8
6 2 4 0 3 8 0 9 0
0 0 8 0 0 0 0 2 6
4 0 0 0 0 0 2 0 7
0 0 0 0 8 0 0 0 0
8 0 2 0 0 0 0 0 9
5 8 3 0 0 0 9 1 4
2 4 7 5 1 9 8 6 3
1 6 9 8 4 3 5 7 2
******************
21. 1: HiddenSingleInACell
[1, 8] = 5
9 1 5 6 0 0 3 4 8
6 2 4 0 3 8 0 9 5
0 0 8 0 0 0 0 2 6
4 0 0 0 0 0 2 0 7
0 0 0 0 8 0 0 0 0
8 0 2 0 0 0 0 0 9
5 8 3 0 0 0 9 1 4
2 4 7 5 1 9 8 6 3
1 6 9 8 4 3 5 7 2
******************
22. 0: NackedSingleInACell
[4, 8] = 1
9 1 5 6 0 0 3 4 8
6 2 4 0 3 8 0 9 5
0 0 8 0 0 0 0 2 6
4 0 0 0 0 0 2 0 7
0 0 0 0 8 0 0 0 1
8 0 2 0 0 0 0 0 9
5 8 3 0 0 0 9 1 4
2 4 7 5 1 9 8 6 3
1 6 9 8 4 3 5 7 2
******************
23. 0: NackedSingleInACell
[4, 2] = 6
9 1 5 6 0 0 3 4 8
6 2 4 0 3 8 0 9 5
0 0 8 0 0 0 0 2 6
4 0 0 0 0 0 2 0 7
0 0 6 0 8 0 0 0 1
8 0 2 0 0 0 0 0 9
5 8 3 0 0 0 9 1 4
2 4 7 5 1 9 8 6 3
1 6 9 8 4 3 5 7 2
******************
24. 0: NackedSingleInACell
[3, 2] = 1
9 1 5 6 0 0 3 4 8
6 2 4 0 3 8 0 9 5
0 0 8 0 0 0 0 2 6
4 0 1 0 0 0 2 0 7
0 0 6 0 8 0 0 0 1
8 0 2 0 0 0 0 0 9
5 8 3 0 0 0 9 1 4
2 4 7 5 1 9 8 6 3
1 6 9 8 4 3 5 7 2
******************
25. 0: NackedSingleInACell
[4, 6] = 4
9 1 5 6 0 0 3 4 8
6 2 4 0 3 8 0 9 5
0 0 8 0 0 0 0 2 6
4 0 1 0 0 0 2 0 7
0 0 6 0 8 0 4 0 1
8 0 2 0 0 0 0 0 9
5 8 3 0 0 0 9 1 4
2 4 7 5 1 9 8 6 3
1 6 9 8 4 3 5 7 2
******************
26. 0: NackedSingleInACell
[5, 6] = 6
9 1 5 6 0 0 3 4 8
6 2 4 0 3 8 0 9 5
0 0 8 0 0 0 0 2 6
4 0 1 0 0 0 2 0 7
0 0 6 0 8 0 4 0 1
8 0 2 0 0 0 6 0 9
5 8 3 0 0 0 9 1 4
2 4 7 5 1 9 8 6 3
1 6 9 8 4 3 5 7 2
******************
27. 1: HiddenSingleInACell
[3, 7] = 8
9 1 5 6 0 0 3 4 8
6 2 4 0 3 8 0 9 5
0 0 8 0 0 0 0 2 6
4 0 1 0 0 0 2 8 7
0 0 6 0 8 0 4 0 1
8 0 2 0 0 0 6 0 9
5 8 3 0 0 0 9 1 4
2 4 7 5 1 9 8 6 3
1 6 9 8 4 3 5 7 2
******************
28. 2: PointingPairsInCell
[0, 4] = 2
[0, 5] = 7
7: [1, 3]
7: [2, 5]
7: [2, 3]
7: [2, 4]
9 1 5 6 0 0 3 4 8
6 2 4 0 3 8 0 9 5
0 0 8 0 0 0 0 2 6
4 0 1 0 0 0 2 8 7
0 0 6 0 8 0 4 0 1
8 0 2 0 0 0 6 0 9
5 8 3 0 0 0 9 1 4
2 4 7 5 1 9 8 6 3
1 6 9 8 4 3 5 7 2
******************
29. 0: NackedSingleInACell
[1, 3] = 1
9 1 5 6 0 0 3 4 8
6 2 4 1 3 8 0 9 5
0 0 8 0 0 0 0 2 6
4 0 1 0 0 0 2 8 7
0 0 6 0 8 0 4 0 1
8 0 2 0 0 0 6 0 9
5 8 3 0 0 0 9 1 4
2 4 7 5 1 9 8 6 3
1 6 9 8 4 3 5 7 2
******************
30. 0: NackedSingleInACell
[1, 6] = 7
9 1 5 6 0 0 3 4 8
6 2 4 1 3 8 7 9 5
0 0 8 0 0 0 0 2 6
4 0 1 0 0 0 2 8 7
0 0 6 0 8 0 4 0 1
8 0 2 0 0 0 6 0 9
5 8 3 0 0 0 9 1 4
2 4 7 5 1 9 8 6 3
1 6 9 8 4 3 5 7 2
******************
31. 0: NackedSingleInACell
[2, 6] = 1
9 1 5 6 0 0 3 4 8
6 2 4 1 3 8 7 9 5
0 0 8 0 0 0 1 2 6
4 0 1 0 0 0 2 8 7
0 0 6 0 8 0 4 0 1
8 0 2 0 0 0 6 0 9
5 8 3 0 0 0 9 1 4
2 4 7 5 1 9 8 6 3
1 6 9 8 4 3 5 7 2
******************
32. 1: HiddenSingleInACell
[5, 5] = 1
9 1 5 6 0 0 3 4 8
6 2 4 1 3 8 7 9 5
0 0 8 0 0 0 1 2 6
4 0 1 0 0 0 2 8 7
0 0 6 0 8 0 4 0 1
8 0 2 0 0 1 6 0 9
5 8 3 0 0 0 9 1 4
2 4 7 5 1 9 8 6 3
1 6 9 8 4 3 5 7 2
******************
33. 1: HiddenSingleInACell
[2, 5] = 4
9 1 5 6 0 0 3 4 8
6 2 4 1 3 8 7 9 5
0 0 8 0 0 4 1 2 6
4 0 1 0 0 0 2 8 7
0 0 6 0 8 0 4 0 1
8 0 2 0 0 1 6 0 9
5 8 3 0 0 0 9 1 4
2 4 7 5 1 9 8 6 3
1 6 9 8 4 3 5 7 2
******************
34. 0: NackedSingleInACell
[2, 3] = 9
9 1 5 6 0 0 3 4 8
6 2 4 1 3 8 7 9 5
0 0 8 9 0 4 1 2 6
4 0 1 0 0 0 2 8 7
0 0 6 0 8 0 4 0 1
8 0 2 0 0 1 6 0 9
5 8 3 0 0 0 9 1 4
2 4 7 5 1 9 8 6 3
1 6 9 8 4 3 5 7 2
******************
35. 0: NackedSingleInACell
[2, 4] = 5
9 1 5 6 0 0 3 4 8
6 2 4 1 3 8 7 9 5
0 0 8 9 5 4 1 2 6
4 0 1 0 0 0 2 8 7
0 0 6 0 8 0 4 0 1
8 0 2 0 0 1 6 0 9
5 8 3 0 0 0 9 1 4
2 4 7 5 1 9 8 6 3
1 6 9 8 4 3 5 7 2
******************
36. 0: NackedSingleInACell
[3, 3] = 3
9 1 5 6 0 0 3 4 8
6 2 4 1 3 8 7 9 5
0 0 8 9 5 4 1 2 6
4 0 1 3 0 0 2 8 7
0 0 6 0 8 0 4 0 1
8 0 2 0 0 1 6 0 9
5 8 3 0 0 0 9 1 4
2 4 7 5 1 9 8 6 3
1 6 9 8 4 3 5 7 2
******************
37. 0: NackedSingleInACell
[5, 4] = 7
9 1 5 6 0 0 3 4 8
6 2 4 1 3 8 7 9 5
0 0 8 9 5 4 1 2 6
4 0 1 3 0 0 2 8 7
0 0 6 0 8 0 4 0 1
8 0 2 0 7 1 6 0 9
5 8 3 0 0 0 9 1 4
2 4 7 5 1 9 8 6 3
1 6 9 8 4 3 5 7 2
******************
38. 0: NackedSingleInACell
[0, 4] = 2
9 1 5 6 2 0 3 4 8
6 2 4 1 3 8 7 9 5
0 0 8 9 5 4 1 2 6
4 0 1 3 0 0 2 8 7
0 0 6 0 8 0 4 0 1
8 0 2 0 7 1 6 0 9
5 8 3 0 0 0 9 1 4
2 4 7 5 1 9 8 6 3
1 6 9 8 4 3 5 7 2
******************
39. 0: NackedSingleInACell
[0, 5] = 7
9 1 5 6 2 7 3 4 8
6 2 4 1 3 8 7 9 5
0 0 8 9 5 4 1 2 6
4 0 1 3 0 0 2 8 7
0 0 6 0 8 0 4 0 1
8 0 2 0 7 1 6 0 9
5 8 3 0 0 0 9 1 4
2 4 7 5 1 9 8 6 3
1 6 9 8 4 3 5 7 2
******************
40. 0: NackedSingleInACell
[4, 3] = 2
9 1 5 6 2 7 3 4 8
6 2 4 1 3 8 7 9 5
0 0 8 9 5 4 1 2 6
4 0 1 3 0 0 2 8 7
0 0 6 2 8 0 4 0 1
8 0 2 0 7 1 6 0 9
5 8 3 0 0 0 9 1 4
2 4 7 5 1 9 8 6 3
1 6 9 8 4 3 5 7 2
******************
41. 0: NackedSingleInACell
[4, 5] = 5
9 1 5 6 2 7 3 4 8
6 2 4 1 3 8 7 9 5
0 0 8 9 5 4 1 2 6
4 0 1 3 0 0 2 8 7
0 0 6 2 8 5 4 0 1
8 0 2 0 7 1 6 0 9
5 8 3 0 0 0 9 1 4
2 4 7 5 1 9 8 6 3
1 6 9 8 4 3 5 7 2
******************
42. 0: NackedSingleInACell
[3, 5] = 6
9 1 5 6 2 7 3 4 8
6 2 4 1 3 8 7 9 5
0 0 8 9 5 4 1 2 6
4 0 1 3 0 6 2 8 7
0 0 6 2 8 5 4 0 1
8 0 2 0 7 1 6 0 9
5 8 3 0 0 0 9 1 4
2 4 7 5 1 9 8 6 3
1 6 9 8 4 3 5 7 2
******************
43. 0: NackedSingleInACell
[3, 4] = 9
9 1 5 6 2 7 3 4 8
6 2 4 1 3 8 7 9 5
0 0 8 9 5 4 1 2 6
4 0 1 3 9 6 2 8 7
0 0 6 2 8 5 4 0 1
8 0 2 0 7 1 6 0 9
5 8 3 0 0 0 9 1 4
2 4 7 5 1 9 8 6 3
1 6 9 8 4 3 5 7 2
******************
44. 0: NackedSingleInACell
[3, 1] = 5
9 1 5 6 2 7 3 4 8
6 2 4 1 3 8 7 9 5
0 0 8 9 5 4 1 2 6
4 5 1 3 9 6 2 8 7
0 0 6 2 8 5 4 0 1
8 0 2 0 7 1 6 0 9
5 8 3 0 0 0 9 1 4
2 4 7 5 1 9 8 6 3
1 6 9 8 4 3 5 7 2
******************
45. 0: NackedSingleInACell
[4, 7] = 3
9 1 5 6 2 7 3 4 8
6 2 4 1 3 8 7 9 5
0 0 8 9 5 4 1 2 6
4 5 1 3 9 6 2 8 7
0 0 6 2 8 5 4 3 1
8 0 2 0 7 1 6 0 9
5 8 3 0 0 0 9 1 4
2 4 7 5 1 9 8 6 3
1 6 9 8 4 3 5 7 2
******************
46. 0: NackedSingleInACell
[4, 0] = 7
9 1 5 6 2 7 3 4 8
6 2 4 1 3 8 7 9 5
0 0 8 9 5 4 1 2 6
4 5 1 3 9 6 2 8 7
7 0 6 2 8 5 4 3 1
8 0 2 0 7 1 6 0 9
5 8 3 0 0 0 9 1 4
2 4 7 5 1 9 8 6 3
1 6 9 8 4 3 5 7 2
******************
47. 0: NackedSingleInACell
[2, 0] = 3
9 1 5 6 2 7 3 4 8
6 2 4 1 3 8 7 9 5
3 0 8 9 5 4 1 2 6
4 5 1 3 9 6 2 8 7
7 0 6 2 8 5 4 3 1
8 0 2 0 7 1 6 0 9
5 8 3 0 0 0 9 1 4
2 4 7 5 1 9 8 6 3
1 6 9 8 4 3 5 7 2
******************
48. 0: NackedSingleInACell
[2, 1] = 7
9 1 5 6 2 7 3 4 8
6 2 4 1 3 8 7 9 5
3 7 8 9 5 4 1 2 6
4 5 1 3 9 6 2 8 7
7 0 6 2 8 5 4 3 1
8 0 2 0 7 1 6 0 9
5 8 3 0 0 0 9 1 4
2 4 7 5 1 9 8 6 3
1 6 9 8 4 3 5 7 2
******************
49. 0: NackedSingleInACell
[4, 1] = 9
9 1 5 6 2 7 3 4 8
6 2 4 1 3 8 7 9 5
3 7 8 9 5 4 1 2 6
4 5 1 3 9 6 2 8 7
7 9 6 2 8 5 4 3 1
8 0 2 0 7 1 6 0 9
5 8 3 0 0 0 9 1 4
2 4 7 5 1 9 8 6 3
1 6 9 8 4 3 5 7 2
******************
50. 0: NackedSingleInACell
[5, 1] = 3
9 1 5 6 2 7 3 4 8
6 2 4 1 3 8 7 9 5
3 7 8 9 5 4 1 2 6
4 5 1 3 9 6 2 8 7
7 9 6 2 8 5 4 3 1
8 3 2 0 7 1 6 0 9
5 8 3 0 0 0 9 1 4
2 4 7 5 1 9 8 6 3
1 6 9 8 4 3 5 7 2
******************
51. 0: NackedSingleInACell
[5, 3] = 4
9 1 5 6 2 7 3 4 8
6 2 4 1 3 8 7 9 5
3 7 8 9 5 4 1 2 6
4 5 1 3 9 6 2 8 7
7 9 6 2 8 5 4 3 1
8 3 2 4 7 1 6 0 9
5 8 3 0 0 0 9 1 4
2 4 7 5 1 9 8 6 3
1 6 9 8 4 3 5 7 2
******************
52. 0: NackedSingleInACell
[5, 7] = 5
9 1 5 6 2 7 3 4 8
6 2 4 1 3 8 7 9 5
3 7 8 9 5 4 1 2 6
4 5 1 3 9 6 2 8 7
7 9 6 2 8 5 4 3 1
8 3 2 4 7 1 6 5 9
5 8 3 0 0 0 9 1 4
2 4 7 5 1 9 8 6 3
1 6 9 8 4 3 5 7 2
******************
53. 0: NackedSingleInACell
[6, 3] = 7
9 1 5 6 2 7 3 4 8
6 2 4 1 3 8 7 9 5
3 7 8 9 5 4 1 2 6
4 5 1 3 9 6 2 8 7
7 9 6 2 8 5 4 3 1
8 3 2 4 7 1 6 5 9
5 8 3 7 0 0 9 1 4
2 4 7 5 1 9 8 6 3
1 6 9 8 4 3 5 7 2
******************
54. 0: NackedSingleInACell
[6, 4] = 6
9 1 5 6 2 7 3 4 8
6 2 4 1 3 8 7 9 5
3 7 8 9 5 4 1 2 6
4 5 1 3 9 6 2 8 7
7 9 6 2 8 5 4 3 1
8 3 2 4 7 1 6 5 9
5 8 3 7 6 0 9 1 4
2 4 7 5 1 9 8 6 3
1 6 9 8 4 3 5 7 2
******************
55. 0: NackedSingleInACell
[6, 5] = 2
9 1 5 6 2 7 3 4 8
6 2 4 1 3 8 7 9 5
3 7 8 9 5 4 1 2 6
4 5 1 3 9 6 2 8 7
7 9 6 2 8 5 4 3 1
8 3 2 4 7 1 6 5 9
5 8 3 7 6 2 9 1 4
2 4 7 5 1 9 8 6 3
1 6 9 8 4 3 5 7 2
******************
Choose your option