First insert your sudoku:
0 0 4 0 1 2 0 6 0
0 3 7 0 0 0 0 9 0
9 0 0 0 0 4 0 0 8
0 0 0 3 0 0 0 0 1
6 0 0 0 8 0 0 0 3
3 0 0 0 0 9 0 0 0
7 0 0 2 0 0 0 0 4
0 8 0 0 0 0 7 2 0
0 1 0 6 7 0 5 0 0
Choose your option
all
*********************
 ***  ALL STEPS  ***
*********************
1. 0: NackedSingleInACell
[0, 1] = 5
0 5 4 0 1 2 0 6 0
0 3 7 0 0 0 0 9 0
9 0 0 0 0 4 0 0 8
0 0 0 3 0 0 0 0 1
6 0 0 0 8 0 0 0 3
3 0 0 0 0 9 0 0 0
7 0 0 2 0 0 0 0 4
0 8 0 0 0 0 7 2 0
0 1 0 6 7 0 5 0 0
******************
2. 0: NackedSingleInACell
[0, 0] = 8
8 5 4 0 1 2 0 6 0
0 3 7 0 0 0 0 9 0
9 0 0 0 0 4 0 0 8
0 0 0 3 0 0 0 0 1
6 0 0 0 8 0 0 0 3
3 0 0 0 0 9 0 0 0
7 0 0 2 0 0 0 0 4
0 8 0 0 0 0 7 2 0
0 1 0 6 7 0 5 0 0
******************
3. 0: NackedSingleInACell
[0, 6] = 3
8 5 4 0 1 2 3 6 0
0 3 7 0 0 0 0 9 0
9 0 0 0 0 4 0 0 8
0 0 0 3 0 0 0 0 1
6 0 0 0 8 0 0 0 3
3 0 0 0 0 9 0 0 0
7 0 0 2 0 0 0 0 4
0 8 0 0 0 0 7 2 0
0 1 0 6 7 0 5 0 0
******************
4. 0: NackedSingleInACell
[0, 8] = 7
8 5 4 0 1 2 3 6 7
0 3 7 0 0 0 0 9 0
9 0 0 0 0 4 0 0 8
0 0 0 3 0 0 0 0 1
6 0 0 0 8 0 0 0 3
3 0 0 0 0 9 0 0 0
7 0 0 2 0 0 0 0 4
0 8 0 0 0 0 7 2 0
0 1 0 6 7 0 5 0 0
******************
5. 0: NackedSingleInACell
[0, 3] = 9
8 5 4 9 1 2 3 6 7
0 3 7 0 0 0 0 9 0
9 0 0 0 0 4 0 0 8
0 0 0 3 0 0 0 0 1
6 0 0 0 8 0 0 0 3
3 0 0 0 0 9 0 0 0
7 0 0 2 0 0 0 0 4
0 8 0 0 0 0 7 2 0
0 1 0 6 7 0 5 0 0
******************
6. 0: NackedSingleInACell
[8, 8] = 9
8 5 4 9 1 2 3 6 7
0 3 7 0 0 0 0 9 0
9 0 0 0 0 4 0 0 8
0 0 0 3 0 0 0 0 1
6 0 0 0 8 0 0 0 3
3 0 0 0 0 9 0 0 0
7 0 0 2 0 0 0 0 4
0 8 0 0 0 0 7 2 0
0 1 0 6 7 0 5 0 9
******************
7. 0: NackedSingleInACell
[7, 8] = 6
8 5 4 9 1 2 3 6 7
0 3 7 0 0 0 0 9 0
9 0 0 0 0 4 0 0 8
0 0 0 3 0 0 0 0 1
6 0 0 0 8 0 0 0 3
3 0 0 0 0 9 0 0 0
7 0 0 2 0 0 0 0 4
0 8 0 0 0 0 7 2 6
0 1 0 6 7 0 5 0 9
******************
8. 1: HiddenSingleInACell
[1, 0] = 1
8 5 4 9 1 2 3 6 7
1 3 7 0 0 0 0 9 0
9 0 0 0 0 4 0 0 8
0 0 0 3 0 0 0 0 1
6 0 0 0 8 0 0 0 3
3 0 0 0 0 9 0 0 0
7 0 0 2 0 0 0 0 4
0 8 0 0 0 0 7 2 6
0 1 0 6 7 0 5 0 9
******************
9. 1: HiddenSingleInACell
[1, 3] = 8
8 5 4 9 1 2 3 6 7
1 3 7 8 0 0 0 9 0
9 0 0 0 0 4 0 0 8
0 0 0 3 0 0 0 0 1
6 0 0 0 8 0 0 0 3
3 0 0 0 0 9 0 0 0
7 0 0 2 0 0 0 0 4
0 8 0 0 0 0 7 2 6
0 1 0 6 7 0 5 0 9
******************
10. 1: HiddenSingleInACell
[1, 6] = 4
8 5 4 9 1 2 3 6 7
1 3 7 8 0 0 4 9 0
9 0 0 0 0 4 0 0 8
0 0 0 3 0 0 0 0 1
6 0 0 0 8 0 0 0 3
3 0 0 0 0 9 0 0 0
7 0 0 2 0 0 0 0 4
0 8 0 0 0 0 7 2 6
0 1 0 6 7 0 5 0 9
******************
11. 1: HiddenSingleInACell
[1, 8] = 2
8 5 4 9 1 2 3 6 7
1 3 7 8 0 0 4 9 2
9 0 0 0 0 4 0 0 8
0 0 0 3 0 0 0 0 1
6 0 0 0 8 0 0 0 3
3 0 0 0 0 9 0 0 0
7 0 0 2 0 0 0 0 4
0 8 0 0 0 0 7 2 6
0 1 0 6 7 0 5 0 9
******************
12. 0: NackedSingleInACell
[2, 6] = 1
8 5 4 9 1 2 3 6 7
1 3 7 8 0 0 4 9 2
9 0 0 0 0 4 1 0 8
0 0 0 3 0 0 0 0 1
6 0 0 0 8 0 0 0 3
3 0 0 0 0 9 0 0 0
7 0 0 2 0 0 0 0 4
0 8 0 0 0 0 7 2 6
0 1 0 6 7 0 5 0 9
******************
13. 0: NackedSingleInACell
[2, 7] = 5
8 5 4 9 1 2 3 6 7
1 3 7 8 0 0 4 9 2
9 0 0 0 0 4 1 5 8
0 0 0 3 0 0 0 0 1
6 0 0 0 8 0 0 0 3
3 0 0 0 0 9 0 0 0
7 0 0 2 0 0 0 0 4
0 8 0 0 0 0 7 2 6
0 1 0 6 7 0 5 0 9
******************
14. 0: NackedSingleInACell
[2, 3] = 7
8 5 4 9 1 2 3 6 7
1 3 7 8 0 0 4 9 2
9 0 0 7 0 4 1 5 8
0 0 0 3 0 0 0 0 1
6 0 0 0 8 0 0 0 3
3 0 0 0 0 9 0 0 0
7 0 0 2 0 0 0 0 4
0 8 0 0 0 0 7 2 6
0 1 0 6 7 0 5 0 9
******************
15. 0: NackedSingleInACell
[5, 8] = 5
8 5 4 9 1 2 3 6 7
1 3 7 8 0 0 4 9 2
9 0 0 7 0 4 1 5 8
0 0 0 3 0 0 0 0 1
6 0 0 0 8 0 0 0 3
3 0 0 0 0 9 0 0 5
7 0 0 2 0 0 0 0 4
0 8 0 0 0 0 7 2 6
0 1 0 6 7 0 5 0 9
******************
16. 0: NackedSingleInACell
[6, 6] = 8
8 5 4 9 1 2 3 6 7
1 3 7 8 0 0 4 9 2
9 0 0 7 0 4 1 5 8
0 0 0 3 0 0 0 0 1
6 0 0 0 8 0 0 0 3
3 0 0 0 0 9 0 0 5
7 0 0 2 0 0 8 0 4
0 8 0 0 0 0 7 2 6
0 1 0 6 7 0 5 0 9
******************
17. 0: NackedSingleInACell
[8, 7] = 3
8 5 4 9 1 2 3 6 7
1 3 7 8 0 0 4 9 2
9 0 0 7 0 4 1 5 8
0 0 0 3 0 0 0 0 1
6 0 0 0 8 0 0 0 3
3 0 0 0 0 9 0 0 5
7 0 0 2 0 0 8 0 4
0 8 0 0 0 0 7 2 6
0 1 0 6 7 0 5 3 9
******************
18. 0: NackedSingleInACell
[6, 7] = 1
8 5 4 9 1 2 3 6 7
1 3 7 8 0 0 4 9 2
9 0 0 7 0 4 1 5 8
0 0 0 3 0 0 0 0 1
6 0 0 0 8 0 0 0 3
3 0 0 0 0 9 0 0 5
7 0 0 2 0 0 8 1 4
0 8 0 0 0 0 7 2 6
0 1 0 6 7 0 5 3 9
******************
19. 0: NackedSingleInACell
[8, 2] = 2
8 5 4 9 1 2 3 6 7
1 3 7 8 0 0 4 9 2
9 0 0 7 0 4 1 5 8
0 0 0 3 0 0 0 0 1
6 0 0 0 8 0 0 0 3
3 0 0 0 0 9 0 0 5
7 0 0 2 0 0 8 1 4
0 8 0 0 0 0 7 2 6
0 1 2 6 7 0 5 3 9
******************
20. 0: NackedSingleInACell
[2, 2] = 6
8 5 4 9 1 2 3 6 7
1 3 7 8 0 0 4 9 2
9 0 6 7 0 4 1 5 8
0 0 0 3 0 0 0 0 1
6 0 0 0 8 0 0 0 3
3 0 0 0 0 9 0 0 5
7 0 0 2 0 0 8 1 4
0 8 0 0 0 0 7 2 6
0 1 2 6 7 0 5 3 9
******************
21. 0: NackedSingleInACell
[2, 1] = 2
8 5 4 9 1 2 3 6 7
1 3 7 8 0 0 4 9 2
9 2 6 7 0 4 1 5 8
0 0 0 3 0 0 0 0 1
6 0 0 0 8 0 0 0 3
3 0 0 0 0 9 0 0 5
7 0 0 2 0 0 8 1 4
0 8 0 0 0 0 7 2 6
0 1 2 6 7 0 5 3 9
******************
22. 0: NackedSingleInACell
[2, 4] = 3
8 5 4 9 1 2 3 6 7
1 3 7 8 0 0 4 9 2
9 2 6 7 3 4 1 5 8
0 0 0 3 0 0 0 0 1
6 0 0 0 8 0 0 0 3
3 0 0 0 0 9 0 0 5
7 0 0 2 0 0 8 1 4
0 8 0 0 0 0 7 2 6
0 1 2 6 7 0 5 3 9
******************
23. 0: NackedSingleInACell
[8, 0] = 4
8 5 4 9 1 2 3 6 7
1 3 7 8 0 0 4 9 2
9 2 6 7 3 4 1 5 8
0 0 0 3 0 0 0 0 1
6 0 0 0 8 0 0 0 3
3 0 0 0 0 9 0 0 5
7 0 0 2 0 0 8 1 4
0 8 0 0 0 0 7 2 6
4 1 2 6 7 0 5 3 9
******************
24. 0: NackedSingleInACell
[7, 0] = 5
8 5 4 9 1 2 3 6 7
1 3 7 8 0 0 4 9 2
9 2 6 7 3 4 1 5 8
0 0 0 3 0 0 0 0 1
6 0 0 0 8 0 0 0 3
3 0 0 0 0 9 0 0 5
7 0 0 2 0 0 8 1 4
5 8 0 0 0 0 7 2 6
4 1 2 6 7 0 5 3 9
******************
25. 0: NackedSingleInACell
[3, 0] = 2
8 5 4 9 1 2 3 6 7
1 3 7 8 0 0 4 9 2
9 2 6 7 3 4 1 5 8
2 0 0 3 0 0 0 0 1
6 0 0 0 8 0 0 0 3
3 0 0 0 0 9 0 0 5
7 0 0 2 0 0 8 1 4
5 8 0 0 0 0 7 2 6
4 1 2 6 7 0 5 3 9
******************
26. 0: NackedSingleInACell
[8, 5] = 8
8 5 4 9 1 2 3 6 7
1 3 7 8 0 0 4 9 2
9 2 6 7 3 4 1 5 8
2 0 0 3 0 0 0 0 1
6 0 0 0 8 0 0 0 3
3 0 0 0 0 9 0 0 5
7 0 0 2 0 0 8 1 4
5 8 0 0 0 0 7 2 6
4 1 2 6 7 8 5 3 9
******************
27. 1: HiddenSingleInACell
[4, 3] = 5
8 5 4 9 1 2 3 6 7
1 3 7 8 0 0 4 9 2
9 2 6 7 3 4 1 5 8
2 0 0 3 0 0 0 0 1
6 0 0 5 8 0 0 0 3
3 0 0 0 0 9 0 0 5
7 0 0 2 0 0 8 1 4
5 8 0 0 0 0 7 2 6
4 1 2 6 7 8 5 3 9
******************
28. 1: HiddenSingleInACell
[3, 2] = 5
8 5 4 9 1 2 3 6 7
1 3 7 8 0 0 4 9 2
9 2 6 7 3 4 1 5 8
2 0 5 3 0 0 0 0 1
6 0 0 5 8 0 0 0 3
3 0 0 0 0 9 0 0 5
7 0 0 2 0 0 8 1 4
5 8 0 0 0 0 7 2 6
4 1 2 6 7 8 5 3 9
******************
29. 1: HiddenSingleInACell
[3, 7] = 8
8 5 4 9 1 2 3 6 7
1 3 7 8 0 0 4 9 2
9 2 6 7 3 4 1 5 8
2 0 5 3 0 0 0 8 1
6 0 0 5 8 0 0 0 3
3 0 0 0 0 9 0 0 5
7 0 0 2 0 0 8 1 4
5 8 0 0 0 0 7 2 6
4 1 2 6 7 8 5 3 9
******************
30. 1: HiddenSingleInACell
[4, 6] = 2
8 5 4 9 1 2 3 6 7
1 3 7 8 0 0 4 9 2
9 2 6 7 3 4 1 5 8
2 0 5 3 0 0 0 8 1
6 0 0 5 8 0 2 0 3
3 0 0 0 0 9 0 0 5
7 0 0 2 0 0 8 1 4
5 8 0 0 0 0 7 2 6
4 1 2 6 7 8 5 3 9
******************
31. 0: NackedSingleInACell
[5, 6] = 6
8 5 4 9 1 2 3 6 7
1 3 7 8 0 0 4 9 2
9 2 6 7 3 4 1 5 8
2 0 5 3 0 0 0 8 1
6 0 0 5 8 0 2 0 3
3 0 0 0 0 9 6 0 5
7 0 0 2 0 0 8 1 4
5 8 0 0 0 0 7 2 6
4 1 2 6 7 8 5 3 9
******************
32. 0: NackedSingleInACell
[3, 6] = 9
8 5 4 9 1 2 3 6 7
1 3 7 8 0 0 4 9 2
9 2 6 7 3 4 1 5 8
2 0 5 3 0 0 9 8 1
6 0 0 5 8 0 2 0 3
3 0 0 0 0 9 6 0 5
7 0 0 2 0 0 8 1 4
5 8 0 0 0 0 7 2 6
4 1 2 6 7 8 5 3 9
******************
33. 1: HiddenSingleInACell
[5, 2] = 8
8 5 4 9 1 2 3 6 7
1 3 7 8 0 0 4 9 2
9 2 6 7 3 4 1 5 8
2 0 5 3 0 0 9 8 1
6 0 0 5 8 0 2 0 3
3 0 8 0 0 9 6 0 5
7 0 0 2 0 0 8 1 4
5 8 0 0 0 0 7 2 6
4 1 2 6 7 8 5 3 9
******************
34. 1: HiddenSingleInACell
[4, 2] = 1
8 5 4 9 1 2 3 6 7
1 3 7 8 0 0 4 9 2
9 2 6 7 3 4 1 5 8
2 0 5 3 0 0 9 8 1
6 0 1 5 8 0 2 0 3
3 0 8 0 0 9 6 0 5
7 0 0 2 0 0 8 1 4
5 8 0 0 0 0 7 2 6
4 1 2 6 7 8 5 3 9
******************
35. 0: NackedSingleInACell
[4, 5] = 7
8 5 4 9 1 2 3 6 7
1 3 7 8 0 0 4 9 2
9 2 6 7 3 4 1 5 8
2 0 5 3 0 0 9 8 1
6 0 1 5 8 7 2 0 3
3 0 8 0 0 9 6 0 5
7 0 0 2 0 0 8 1 4
5 8 0 0 0 0 7 2 6
4 1 2 6 7 8 5 3 9
******************
36. 0: NackedSingleInACell
[3, 5] = 6
8 5 4 9 1 2 3 6 7
1 3 7 8 0 0 4 9 2
9 2 6 7 3 4 1 5 8
2 0 5 3 0 6 9 8 1
6 0 1 5 8 7 2 0 3
3 0 8 0 0 9 6 0 5
7 0 0 2 0 0 8 1 4
5 8 0 0 0 0 7 2 6
4 1 2 6 7 8 5 3 9
******************
37. 0: NackedSingleInACell
[1, 5] = 5
8 5 4 9 1 2 3 6 7
1 3 7 8 0 5 4 9 2
9 2 6 7 3 4 1 5 8
2 0 5 3 0 6 9 8 1
6 0 1 5 8 7 2 0 3
3 0 8 0 0 9 6 0 5
7 0 0 2 0 0 8 1 4
5 8 0 0 0 0 7 2 6
4 1 2 6 7 8 5 3 9
******************
38. 0: NackedSingleInACell
[1, 4] = 6
8 5 4 9 1 2 3 6 7
1 3 7 8 6 5 4 9 2
9 2 6 7 3 4 1 5 8
2 0 5 3 0 6 9 8 1
6 0 1 5 8 7 2 0 3
3 0 8 0 0 9 6 0 5
7 0 0 2 0 0 8 1 4
5 8 0 0 0 0 7 2 6
4 1 2 6 7 8 5 3 9
******************
39. 0: NackedSingleInACell
[3, 4] = 4
8 5 4 9 1 2 3 6 7
1 3 7 8 6 5 4 9 2
9 2 6 7 3 4 1 5 8
2 0 5 3 4 6 9 8 1
6 0 1 5 8 7 2 0 3
3 0 8 0 0 9 6 0 5
7 0 0 2 0 0 8 1 4
5 8 0 0 0 0 7 2 6
4 1 2 6 7 8 5 3 9
******************
40. 0: NackedSingleInACell
[3, 1] = 7
8 5 4 9 1 2 3 6 7
1 3 7 8 6 5 4 9 2
9 2 6 7 3 4 1 5 8
2 7 5 3 4 6 9 8 1
6 0 1 5 8 7 2 0 3
3 0 8 0 0 9 6 0 5
7 0 0 2 0 0 8 1 4
5 8 0 0 0 0 7 2 6
4 1 2 6 7 8 5 3 9
******************
41. 0: NackedSingleInACell
[4, 7] = 4
8 5 4 9 1 2 3 6 7
1 3 7 8 6 5 4 9 2
9 2 6 7 3 4 1 5 8
2 7 5 3 4 6 9 8 1
6 0 1 5 8 7 2 4 3
3 0 8 0 0 9 6 0 5
7 0 0 2 0 0 8 1 4
5 8 0 0 0 0 7 2 6
4 1 2 6 7 8 5 3 9
******************
42. 0: NackedSingleInACell
[4, 1] = 9
8 5 4 9 1 2 3 6 7
1 3 7 8 6 5 4 9 2
9 2 6 7 3 4 1 5 8
2 7 5 3 4 6 9 8 1
6 9 1 5 8 7 2 4 3
3 0 8 0 0 9 6 0 5
7 0 0 2 0 0 8 1 4
5 8 0 0 0 0 7 2 6
4 1 2 6 7 8 5 3 9
******************
43. 0: NackedSingleInACell
[5, 1] = 4
8 5 4 9 1 2 3 6 7
1 3 7 8 6 5 4 9 2
9 2 6 7 3 4 1 5 8
2 7 5 3 4 6 9 8 1
6 9 1 5 8 7 2 4 3
3 4 8 0 0 9 6 0 5
7 0 0 2 0 0 8 1 4
5 8 0 0 0 0 7 2 6
4 1 2 6 7 8 5 3 9
******************
44. 0: NackedSingleInACell
[5, 3] = 1
8 5 4 9 1 2 3 6 7
1 3 7 8 6 5 4 9 2
9 2 6 7 3 4 1 5 8
2 7 5 3 4 6 9 8 1
6 9 1 5 8 7 2 4 3
3 4 8 1 0 9 6 0 5
7 0 0 2 0 0 8 1 4
5 8 0 0 0 0 7 2 6
4 1 2 6 7 8 5 3 9
******************
45. 0: NackedSingleInACell
[5, 4] = 2
8 5 4 9 1 2 3 6 7
1 3 7 8 6 5 4 9 2
9 2 6 7 3 4 1 5 8
2 7 5 3 4 6 9 8 1
6 9 1 5 8 7 2 4 3
3 4 8 1 2 9 6 0 5
7 0 0 2 0 0 8 1 4
5 8 0 0 0 0 7 2 6
4 1 2 6 7 8 5 3 9
******************
46. 0: NackedSingleInACell
[5, 7] = 7
8 5 4 9 1 2 3 6 7
1 3 7 8 6 5 4 9 2
9 2 6 7 3 4 1 5 8
2 7 5 3 4 6 9 8 1
6 9 1 5 8 7 2 4 3
3 4 8 1 2 9 6 7 5
7 0 0 2 0 0 8 1 4
5 8 0 0 0 0 7 2 6
4 1 2 6 7 8 5 3 9
******************
47. 0: NackedSingleInACell
[6, 1] = 6
8 5 4 9 1 2 3 6 7
1 3 7 8 6 5 4 9 2
9 2 6 7 3 4 1 5 8
2 7 5 3 4 6 9 8 1
6 9 1 5 8 7 2 4 3
3 4 8 1 2 9 6 7 5
7 6 0 2 0 0 8 1 4
5 8 0 0 0 0 7 2 6
4 1 2 6 7 8 5 3 9
******************
48. 0: NackedSingleInACell
[6, 5] = 3
8 5 4 9 1 2 3 6 7
1 3 7 8 6 5 4 9 2
9 2 6 7 3 4 1 5 8
2 7 5 3 4 6 9 8 1
6 9 1 5 8 7 2 4 3
3 4 8 1 2 9 6 7 5
7 6 0 2 0 3 8 1 4
5 8 0 0 0 0 7 2 6
4 1 2 6 7 8 5 3 9
******************
49. 0: NackedSingleInACell
[6, 2] = 9
8 5 4 9 1 2 3 6 7
1 3 7 8 6 5 4 9 2
9 2 6 7 3 4 1 5 8
2 7 5 3 4 6 9 8 1
6 9 1 5 8 7 2 4 3
3 4 8 1 2 9 6 7 5
7 6 9 2 0 3 8 1 4
5 8 0 0 0 0 7 2 6
4 1 2 6 7 8 5 3 9
******************
50. 0: NackedSingleInACell
[6, 4] = 5
8 5 4 9 1 2 3 6 7
1 3 7 8 6 5 4 9 2
9 2 6 7 3 4 1 5 8
2 7 5 3 4 6 9 8 1
6 9 1 5 8 7 2 4 3
3 4 8 1 2 9 6 7 5
7 6 9 2 5 3 8 1 4
5 8 0 0 0 0 7 2 6
4 1 2 6 7 8 5 3 9
******************
51. 0: NackedSingleInACell
[7, 2] = 3
8 5 4 9 1 2 3 6 7
1 3 7 8 6 5 4 9 2
9 2 6 7 3 4 1 5 8
2 7 5 3 4 6 9 8 1
6 9 1 5 8 7 2 4 3
3 4 8 1 2 9 6 7 5
7 6 9 2 5 3 8 1 4
5 8 3 0 0 0 7 2 6
4 1 2 6 7 8 5 3 9
******************
52. 0: NackedSingleInACell
[7, 3] = 4
8 5 4 9 1 2 3 6 7
1 3 7 8 6 5 4 9 2
9 2 6 7 3 4 1 5 8
2 7 5 3 4 6 9 8 1
6 9 1 5 8 7 2 4 3
3 4 8 1 2 9 6 7 5
7 6 9 2 5 3 8 1 4
5 8 3 4 0 0 7 2 6
4 1 2 6 7 8 5 3 9
******************
53. 0: NackedSingleInACell
[7, 4] = 9
8 5 4 9 1 2 3 6 7
1 3 7 8 6 5 4 9 2
9 2 6 7 3 4 1 5 8
2 7 5 3 4 6 9 8 1
6 9 1 5 8 7 2 4 3
3 4 8 1 2 9 6 7 5
7 6 9 2 5 3 8 1 4
5 8 3 4 9 0 7 2 6
4 1 2 6 7 8 5 3 9
******************
54. 0: NackedSingleInACell
[7, 5] = 1
8 5 4 9 1 2 3 6 7
1 3 7 8 6 5 4 9 2
9 2 6 7 3 4 1 5 8
2 7 5 3 4 6 9 8 1
6 9 1 5 8 7 2 4 3
3 4 8 1 2 9 6 7 5
7 6 9 2 5 3 8 1 4
5 8 3 4 9 1 7 2 6
4 1 2 6 7 8 5 3 9
******************