First insert your sudoku:
2 9 6 0 0 0 0 5 0
5 1 0 9 3 8 0 0 0
0 0 0 0 0 0 0 0 0
0 0 4 2 0 0 0 0 0
0 0 5 7 0 9 8 0 0
0 0 0 0 0 4 1 0 0
0 0 0 0 0 0 0 0 0
0 0 0 8 1 2 0 6 7
0 6 0 0 0 0 9 1 2
Choose your option
all
*********************
 ***  ALL STEPS  ***
*********************
1. 0: NackedSingleInACell
[1, 2] = 7
2 9 6 0 0 0 0 5 0
5 1 7 9 3 8 0 0 0
0 0 0 0 0 0 0 0 0
0 0 4 2 0 0 0 0 0
0 0 5 7 0 9 8 0 0
0 0 0 0 0 4 1 0 0
0 0 0 0 0 0 0 0 0
0 0 0 8 1 2 0 6 7
0 6 0 0 0 0 9 1 2
******************
2. 0: NackedSingleInACell
[4, 4] = 6
2 9 6 0 0 0 0 5 0
5 1 7 9 3 8 0 0 0
0 0 0 0 0 0 0 0 0
0 0 4 2 0 0 0 0 0
0 0 5 7 6 9 8 0 0
0 0 0 0 0 4 1 0 0
0 0 0 0 0 0 0 0 0
0 0 0 8 1 2 0 6 7
0 6 0 0 0 0 9 1 2
******************
3. 1: HiddenSingleInACell
[0, 8] = 8
2 9 6 0 0 0 0 5 8
5 1 7 9 3 8 0 0 0
0 0 0 0 0 0 0 0 0
0 0 4 2 0 0 0 0 0
0 0 5 7 6 9 8 0 0
0 0 0 0 0 4 1 0 0
0 0 0 0 0 0 0 0 0
0 0 0 8 1 2 0 6 7
0 6 0 0 0 0 9 1 2
******************
4. 1: HiddenSingleInACell
[0, 6] = 3
2 9 6 0 0 0 3 5 8
5 1 7 9 3 8 0 0 0
0 0 0 0 0 0 0 0 0
0 0 4 2 0 0 0 0 0
0 0 5 7 6 9 8 0 0
0 0 0 0 0 4 1 0 0
0 0 0 0 0 0 0 0 0
0 0 0 8 1 2 0 6 7
0 6 0 0 0 0 9 1 2
******************
5. 1: HiddenSingleInACell
[2, 4] = 2
2 9 6 0 0 0 3 5 8
5 1 7 9 3 8 0 0 0
0 0 0 0 2 0 0 0 0
0 0 4 2 0 0 0 0 0
0 0 5 7 6 9 8 0 0
0 0 0 0 0 4 1 0 0
0 0 0 0 0 0 0 0 0
0 0 0 8 1 2 0 6 7
0 6 0 0 0 0 9 1 2
******************
6. 1: HiddenSingleInACell
[1, 6] = 2
2 9 6 0 0 0 3 5 8
5 1 7 9 3 8 2 0 0
0 0 0 0 2 0 0 0 0
0 0 4 2 0 0 0 0 0
0 0 5 7 6 9 8 0 0
0 0 0 0 0 4 1 0 0
0 0 0 0 0 0 0 0 0
0 0 0 8 1 2 0 6 7
0 6 0 0 0 0 9 1 2
******************
7. 0: NackedSingleInACell
[1, 7] = 4
2 9 6 0 0 0 3 5 8
5 1 7 9 3 8 2 4 0
0 0 0 0 2 0 0 0 0
0 0 4 2 0 0 0 0 0
0 0 5 7 6 9 8 0 0
0 0 0 0 0 4 1 0 0
0 0 0 0 0 0 0 0 0
0 0 0 8 1 2 0 6 7
0 6 0 0 0 0 9 1 2
******************
8. 0: NackedSingleInACell
[1, 8] = 6
2 9 6 0 0 0 3 5 8
5 1 7 9 3 8 2 4 6
0 0 0 0 2 0 0 0 0
0 0 4 2 0 0 0 0 0
0 0 5 7 6 9 8 0 0
0 0 0 0 0 4 1 0 0
0 0 0 0 0 0 0 0 0
0 0 0 8 1 2 0 6 7
0 6 0 0 0 0 9 1 2
******************
9. 0: NackedSingleInACell
[2, 6] = 7
2 9 6 0 0 0 3 5 8
5 1 7 9 3 8 2 4 6
0 0 0 0 2 0 7 0 0
0 0 4 2 0 0 0 0 0
0 0 5 7 6 9 8 0 0
0 0 0 0 0 4 1 0 0
0 0 0 0 0 0 0 0 0
0 0 0 8 1 2 0 6 7
0 6 0 0 0 0 9 1 2
******************
10. 0: NackedSingleInACell
[2, 7] = 9
2 9 6 0 0 0 3 5 8
5 1 7 9 3 8 2 4 6
0 0 0 0 2 0 7 9 0
0 0 4 2 0 0 0 0 0
0 0 5 7 6 9 8 0 0
0 0 0 0 0 4 1 0 0
0 0 0 0 0 0 0 0 0
0 0 0 8 1 2 0 6 7
0 6 0 0 0 0 9 1 2
******************
11. 0: NackedSingleInACell
[2, 8] = 1
2 9 6 0 0 0 3 5 8
5 1 7 9 3 8 2 4 6
0 0 0 0 2 0 7 9 1
0 0 4 2 0 0 0 0 0
0 0 5 7 6 9 8 0 0
0 0 0 0 0 4 1 0 0
0 0 0 0 0 0 0 0 0
0 0 0 8 1 2 0 6 7
0 6 0 0 0 0 9 1 2
******************
12. 1: HiddenSingleInACell
[0, 3] = 1
2 9 6 1 0 0 3 5 8
5 1 7 9 3 8 2 4 6
0 0 0 0 2 0 7 9 1
0 0 4 2 0 0 0 0 0
0 0 5 7 6 9 8 0 0
0 0 0 0 0 4 1 0 0
0 0 0 0 0 0 0 0 0
0 0 0 8 1 2 0 6 7
0 6 0 0 0 0 9 1 2
******************
13. 0: NackedSingleInACell
[0, 5] = 7
2 9 6 1 0 7 3 5 8
5 1 7 9 3 8 2 4 6
0 0 0 0 2 0 7 9 1
0 0 4 2 0 0 0 0 0
0 0 5 7 6 9 8 0 0
0 0 0 0 0 4 1 0 0
0 0 0 0 0 0 0 0 0
0 0 0 8 1 2 0 6 7
0 6 0 0 0 0 9 1 2
******************
14. 0: NackedSingleInACell
[0, 4] = 4
2 9 6 1 4 7 3 5 8
5 1 7 9 3 8 2 4 6
0 0 0 0 2 0 7 9 1
0 0 4 2 0 0 0 0 0
0 0 5 7 6 9 8 0 0
0 0 0 0 0 4 1 0 0
0 0 0 0 0 0 0 0 0
0 0 0 8 1 2 0 6 7
0 6 0 0 0 0 9 1 2
******************
15. 1: HiddenSingleInACell
[3, 5] = 1
2 9 6 1 4 7 3 5 8
5 1 7 9 3 8 2 4 6
0 0 0 0 2 0 7 9 1
0 0 4 2 0 1 0 0 0
0 0 5 7 6 9 8 0 0
0 0 0 0 0 4 1 0 0
0 0 0 0 0 0 0 0 0
0 0 0 8 1 2 0 6 7
0 6 0 0 0 0 9 1 2
******************
16. 1: HiddenSingleInACell
[3, 6] = 6
2 9 6 1 4 7 3 5 8
5 1 7 9 3 8 2 4 6
0 0 0 0 2 0 7 9 1
0 0 4 2 0 1 6 0 0
0 0 5 7 6 9 8 0 0
0 0 0 0 0 4 1 0 0
0 0 0 0 0 0 0 0 0
0 0 0 8 1 2 0 6 7
0 6 0 0 0 0 9 1 2
******************
17. 1: HiddenSingleInACell
[4, 0] = 1
2 9 6 1 4 7 3 5 8
5 1 7 9 3 8 2 4 6
0 0 0 0 2 0 7 9 1
0 0 4 2 0 1 6 0 0
1 0 5 7 6 9 8 0 0
0 0 0 0 0 4 1 0 0
0 0 0 0 0 0 0 0 0
0 0 0 8 1 2 0 6 7
0 6 0 0 0 0 9 1 2
******************
18. 1: HiddenSingleInACell
[4, 8] = 4
2 9 6 1 4 7 3 5 8
5 1 7 9 3 8 2 4 6
0 0 0 0 2 0 7 9 1
0 0 4 2 0 1 6 0 0
1 0 5 7 6 9 8 0 4
0 0 0 0 0 4 1 0 0
0 0 0 0 0 0 0 0 0
0 0 0 8 1 2 0 6 7
0 6 0 0 0 0 9 1 2
******************
19. 1: HiddenSingleInACell
[5, 0] = 6
2 9 6 1 4 7 3 5 8
5 1 7 9 3 8 2 4 6
0 0 0 0 2 0 7 9 1
0 0 4 2 0 1 6 0 0
1 0 5 7 6 9 8 0 4
6 0 0 0 0 4 1 0 0
0 0 0 0 0 0 0 0 0
0 0 0 8 1 2 0 6 7
0 6 0 0 0 0 9 1 2
******************
20. 1: HiddenSingleInACell
[5, 3] = 3
2 9 6 1 4 7 3 5 8
5 1 7 9 3 8 2 4 6
0 0 0 0 2 0 7 9 1
0 0 4 2 0 1 6 0 0
1 0 5 7 6 9 8 0 4
6 0 0 3 0 4 1 0 0
0 0 0 0 0 0 0 0 0
0 0 0 8 1 2 0 6 7
0 6 0 0 0 0 9 1 2
******************
21. 1: HiddenSingleInACell
[6, 2] = 1
2 9 6 1 4 7 3 5 8
5 1 7 9 3 8 2 4 6
0 0 0 0 2 0 7 9 1
0 0 4 2 0 1 6 0 0
1 0 5 7 6 9 8 0 4
6 0 0 3 0 4 1 0 0
0 0 1 0 0 0 0 0 0
0 0 0 8 1 2 0 6 7
0 6 0 0 0 0 9 1 2
******************
22. 1: HiddenSingleInACell
[5, 2] = 2
2 9 6 1 4 7 3 5 8
5 1 7 9 3 8 2 4 6
0 0 0 0 2 0 7 9 1
0 0 4 2 0 1 6 0 0
1 0 5 7 6 9 8 0 4
6 0 2 3 0 4 1 0 0
0 0 1 0 0 0 0 0 0
0 0 0 8 1 2 0 6 7
0 6 0 0 0 0 9 1 2
******************
23. 0: NackedSingleInACell
[4, 1] = 3
2 9 6 1 4 7 3 5 8
5 1 7 9 3 8 2 4 6
0 0 0 0 2 0 7 9 1
0 0 4 2 0 1 6 0 0
1 3 5 7 6 9 8 0 4
6 0 2 3 0 4 1 0 0
0 0 1 0 0 0 0 0 0
0 0 0 8 1 2 0 6 7
0 6 0 0 0 0 9 1 2
******************
24. 0: NackedSingleInACell
[4, 7] = 2
2 9 6 1 4 7 3 5 8
5 1 7 9 3 8 2 4 6
0 0 0 0 2 0 7 9 1
0 0 4 2 0 1 6 0 0
1 3 5 7 6 9 8 2 4
6 0 2 3 0 4 1 0 0
0 0 1 0 0 0 0 0 0
0 0 0 8 1 2 0 6 7
0 6 0 0 0 0 9 1 2
******************
25. 0: NackedSingleInACell
[5, 7] = 7
2 9 6 1 4 7 3 5 8
5 1 7 9 3 8 2 4 6
0 0 0 0 2 0 7 9 1
0 0 4 2 0 1 6 0 0
1 3 5 7 6 9 8 2 4
6 0 2 3 0 4 1 7 0
0 0 1 0 0 0 0 0 0
0 0 0 8 1 2 0 6 7
0 6 0 0 0 0 9 1 2
******************
26. 0: NackedSingleInACell
[3, 7] = 3
2 9 6 1 4 7 3 5 8
5 1 7 9 3 8 2 4 6
0 0 0 0 2 0 7 9 1
0 0 4 2 0 1 6 3 0
1 3 5 7 6 9 8 2 4
6 0 2 3 0 4 1 7 0
0 0 1 0 0 0 0 0 0
0 0 0 8 1 2 0 6 7
0 6 0 0 0 0 9 1 2
******************
27. 0: NackedSingleInACell
[5, 1] = 8
2 9 6 1 4 7 3 5 8
5 1 7 9 3 8 2 4 6
0 0 0 0 2 0 7 9 1
0 0 4 2 0 1 6 3 0
1 3 5 7 6 9 8 2 4
6 8 2 3 0 4 1 7 0
0 0 1 0 0 0 0 0 0
0 0 0 8 1 2 0 6 7
0 6 0 0 0 0 9 1 2
******************
28. 0: NackedSingleInACell
[2, 1] = 4
2 9 6 1 4 7 3 5 8
5 1 7 9 3 8 2 4 6
0 4 0 0 2 0 7 9 1
0 0 4 2 0 1 6 3 0
1 3 5 7 6 9 8 2 4
6 8 2 3 0 4 1 7 0
0 0 1 0 0 0 0 0 0
0 0 0 8 1 2 0 6 7
0 6 0 0 0 0 9 1 2
******************
29. 0: NackedSingleInACell
[3, 1] = 7
2 9 6 1 4 7 3 5 8
5 1 7 9 3 8 2 4 6
0 4 0 0 2 0 7 9 1
0 7 4 2 0 1 6 3 0
1 3 5 7 6 9 8 2 4
6 8 2 3 0 4 1 7 0
0 0 1 0 0 0 0 0 0
0 0 0 8 1 2 0 6 7
0 6 0 0 0 0 9 1 2
******************
30. 0: NackedSingleInACell
[3, 0] = 9
2 9 6 1 4 7 3 5 8
5 1 7 9 3 8 2 4 6
0 4 0 0 2 0 7 9 1
9 7 4 2 0 1 6 3 0
1 3 5 7 6 9 8 2 4
6 8 2 3 0 4 1 7 0
0 0 1 0 0 0 0 0 0
0 0 0 8 1 2 0 6 7
0 6 0 0 0 0 9 1 2
******************
31. 0: NackedSingleInACell
[3, 8] = 5
2 9 6 1 4 7 3 5 8
5 1 7 9 3 8 2 4 6
0 4 0 0 2 0 7 9 1
9 7 4 2 0 1 6 3 5
1 3 5 7 6 9 8 2 4
6 8 2 3 0 4 1 7 0
0 0 1 0 0 0 0 0 0
0 0 0 8 1 2 0 6 7
0 6 0 0 0 0 9 1 2
******************
32. 0: NackedSingleInACell
[3, 4] = 8
2 9 6 1 4 7 3 5 8
5 1 7 9 3 8 2 4 6
0 4 0 0 2 0 7 9 1
9 7 4 2 8 1 6 3 5
1 3 5 7 6 9 8 2 4
6 8 2 3 0 4 1 7 0
0 0 1 0 0 0 0 0 0
0 0 0 8 1 2 0 6 7
0 6 0 0 0 0 9 1 2
******************
33. 0: NackedSingleInACell
[5, 4] = 5
2 9 6 1 4 7 3 5 8
5 1 7 9 3 8 2 4 6
0 4 0 0 2 0 7 9 1
9 7 4 2 8 1 6 3 5
1 3 5 7 6 9 8 2 4
6 8 2 3 5 4 1 7 0
0 0 1 0 0 0 0 0 0
0 0 0 8 1 2 0 6 7
0 6 0 0 0 0 9 1 2
******************
34. 0: NackedSingleInACell
[5, 8] = 9
2 9 6 1 4 7 3 5 8
5 1 7 9 3 8 2 4 6
0 4 0 0 2 0 7 9 1
9 7 4 2 8 1 6 3 5
1 3 5 7 6 9 8 2 4
6 8 2 3 5 4 1 7 9
0 0 1 0 0 0 0 0 0
0 0 0 8 1 2 0 6 7
0 6 0 0 0 0 9 1 2
******************
35. 0: NackedSingleInACell
[6, 7] = 8
2 9 6 1 4 7 3 5 8
5 1 7 9 3 8 2 4 6
0 4 0 0 2 0 7 9 1
9 7 4 2 8 1 6 3 5
1 3 5 7 6 9 8 2 4
6 8 2 3 5 4 1 7 9
0 0 1 0 0 0 0 8 0
0 0 0 8 1 2 0 6 7
0 6 0 0 0 0 9 1 2
******************
36. 0: NackedSingleInACell
[6, 8] = 3
2 9 6 1 4 7 3 5 8
5 1 7 9 3 8 2 4 6
0 4 0 0 2 0 7 9 1
9 7 4 2 8 1 6 3 5
1 3 5 7 6 9 8 2 4
6 8 2 3 5 4 1 7 9
0 0 1 0 0 0 0 8 3
0 0 0 8 1 2 0 6 7
0 6 0 0 0 0 9 1 2
******************
37. 0: NackedSingleInACell
[7, 1] = 5
2 9 6 1 4 7 3 5 8
5 1 7 9 3 8 2 4 6
0 4 0 0 2 0 7 9 1
9 7 4 2 8 1 6 3 5
1 3 5 7 6 9 8 2 4
6 8 2 3 5 4 1 7 9
0 0 1 0 0 0 0 8 3
0 5 0 8 1 2 0 6 7
0 6 0 0 0 0 9 1 2
******************
38. 0: NackedSingleInACell
[6, 1] = 2
2 9 6 1 4 7 3 5 8
5 1 7 9 3 8 2 4 6
0 4 0 0 2 0 7 9 1
9 7 4 2 8 1 6 3 5
1 3 5 7 6 9 8 2 4
6 8 2 3 5 4 1 7 9
0 2 1 0 0 0 0 8 3
0 5 0 8 1 2 0 6 7
0 6 0 0 0 0 9 1 2
******************
39. 0: NackedSingleInACell
[7, 6] = 4
2 9 6 1 4 7 3 5 8
5 1 7 9 3 8 2 4 6
0 4 0 0 2 0 7 9 1
9 7 4 2 8 1 6 3 5
1 3 5 7 6 9 8 2 4
6 8 2 3 5 4 1 7 9
0 2 1 0 0 0 0 8 3
0 5 0 8 1 2 4 6 7
0 6 0 0 0 0 9 1 2
******************
40. 0: NackedSingleInACell
[6, 6] = 5
2 9 6 1 4 7 3 5 8
5 1 7 9 3 8 2 4 6
0 4 0 0 2 0 7 9 1
9 7 4 2 8 1 6 3 5
1 3 5 7 6 9 8 2 4
6 8 2 3 5 4 1 7 9
0 2 1 0 0 0 5 8 3
0 5 0 8 1 2 4 6 7
0 6 0 0 0 0 9 1 2
******************
41. 0: NackedSingleInACell
[6, 5] = 6
2 9 6 1 4 7 3 5 8
5 1 7 9 3 8 2 4 6
0 4 0 0 2 0 7 9 1
9 7 4 2 8 1 6 3 5
1 3 5 7 6 9 8 2 4
6 8 2 3 5 4 1 7 9
0 2 1 0 0 6 5 8 3
0 5 0 8 1 2 4 6 7
0 6 0 0 0 0 9 1 2
******************
42. 0: NackedSingleInACell
[2, 5] = 5
2 9 6 1 4 7 3 5 8
5 1 7 9 3 8 2 4 6
0 4 0 0 2 5 7 9 1
9 7 4 2 8 1 6 3 5
1 3 5 7 6 9 8 2 4
6 8 2 3 5 4 1 7 9
0 2 1 0 0 6 5 8 3
0 5 0 8 1 2 4 6 7
0 6 0 0 0 0 9 1 2
******************
43. 0: NackedSingleInACell
[2, 3] = 6
2 9 6 1 4 7 3 5 8
5 1 7 9 3 8 2 4 6
0 4 0 6 2 5 7 9 1
9 7 4 2 8 1 6 3 5
1 3 5 7 6 9 8 2 4
6 8 2 3 5 4 1 7 9
0 2 1 0 0 6 5 8 3
0 5 0 8 1 2 4 6 7
0 6 0 0 0 0 9 1 2
******************
44. 0: NackedSingleInACell
[6, 3] = 4
2 9 6 1 4 7 3 5 8
5 1 7 9 3 8 2 4 6
0 4 0 6 2 5 7 9 1
9 7 4 2 8 1 6 3 5
1 3 5 7 6 9 8 2 4
6 8 2 3 5 4 1 7 9
0 2 1 4 0 6 5 8 3
0 5 0 8 1 2 4 6 7
0 6 0 0 0 0 9 1 2
******************
45. 0: NackedSingleInACell
[6, 0] = 7
2 9 6 1 4 7 3 5 8
5 1 7 9 3 8 2 4 6
0 4 0 6 2 5 7 9 1
9 7 4 2 8 1 6 3 5
1 3 5 7 6 9 8 2 4
6 8 2 3 5 4 1 7 9
7 2 1 4 0 6 5 8 3
0 5 0 8 1 2 4 6 7
0 6 0 0 0 0 9 1 2
******************
46. 0: NackedSingleInACell
[6, 4] = 9
2 9 6 1 4 7 3 5 8
5 1 7 9 3 8 2 4 6
0 4 0 6 2 5 7 9 1
9 7 4 2 8 1 6 3 5
1 3 5 7 6 9 8 2 4
6 8 2 3 5 4 1 7 9
7 2 1 4 9 6 5 8 3
0 5 0 8 1 2 4 6 7
0 6 0 0 0 0 9 1 2
******************
47. 0: NackedSingleInACell
[7, 0] = 3
2 9 6 1 4 7 3 5 8
5 1 7 9 3 8 2 4 6
0 4 0 6 2 5 7 9 1
9 7 4 2 8 1 6 3 5
1 3 5 7 6 9 8 2 4
6 8 2 3 5 4 1 7 9
7 2 1 4 9 6 5 8 3
3 5 0 8 1 2 4 6 7
0 6 0 0 0 0 9 1 2
******************
48. 0: NackedSingleInACell
[2, 0] = 8
2 9 6 1 4 7 3 5 8
5 1 7 9 3 8 2 4 6
8 4 0 6 2 5 7 9 1
9 7 4 2 8 1 6 3 5
1 3 5 7 6 9 8 2 4
6 8 2 3 5 4 1 7 9
7 2 1 4 9 6 5 8 3
3 5 0 8 1 2 4 6 7
0 6 0 0 0 0 9 1 2
******************
49. 0: NackedSingleInACell
[2, 2] = 3
2 9 6 1 4 7 3 5 8
5 1 7 9 3 8 2 4 6
8 4 3 6 2 5 7 9 1
9 7 4 2 8 1 6 3 5
1 3 5 7 6 9 8 2 4
6 8 2 3 5 4 1 7 9
7 2 1 4 9 6 5 8 3
3 5 0 8 1 2 4 6 7
0 6 0 0 0 0 9 1 2
******************
50. 0: NackedSingleInACell
[7, 2] = 9
2 9 6 1 4 7 3 5 8
5 1 7 9 3 8 2 4 6
8 4 3 6 2 5 7 9 1
9 7 4 2 8 1 6 3 5
1 3 5 7 6 9 8 2 4
6 8 2 3 5 4 1 7 9
7 2 1 4 9 6 5 8 3
3 5 9 8 1 2 4 6 7
0 6 0 0 0 0 9 1 2
******************
51. 0: NackedSingleInACell
[8, 0] = 4
2 9 6 1 4 7 3 5 8
5 1 7 9 3 8 2 4 6
8 4 3 6 2 5 7 9 1
9 7 4 2 8 1 6 3 5
1 3 5 7 6 9 8 2 4
6 8 2 3 5 4 1 7 9
7 2 1 4 9 6 5 8 3
3 5 9 8 1 2 4 6 7
4 6 0 0 0 0 9 1 2
******************
52. 0: NackedSingleInACell
[8, 2] = 8
2 9 6 1 4 7 3 5 8
5 1 7 9 3 8 2 4 6
8 4 3 6 2 5 7 9 1
9 7 4 2 8 1 6 3 5
1 3 5 7 6 9 8 2 4
6 8 2 3 5 4 1 7 9
7 2 1 4 9 6 5 8 3
3 5 9 8 1 2 4 6 7
4 6 8 0 0 0 9 1 2
******************
53. 0: NackedSingleInACell
[8, 3] = 5
2 9 6 1 4 7 3 5 8
5 1 7 9 3 8 2 4 6
8 4 3 6 2 5 7 9 1
9 7 4 2 8 1 6 3 5
1 3 5 7 6 9 8 2 4
6 8 2 3 5 4 1 7 9
7 2 1 4 9 6 5 8 3
3 5 9 8 1 2 4 6 7
4 6 8 5 0 0 9 1 2
******************
54. 0: NackedSingleInACell
[8, 4] = 7
2 9 6 1 4 7 3 5 8
5 1 7 9 3 8 2 4 6
8 4 3 6 2 5 7 9 1
9 7 4 2 8 1 6 3 5
1 3 5 7 6 9 8 2 4
6 8 2 3 5 4 1 7 9
7 2 1 4 9 6 5 8 3
3 5 9 8 1 2 4 6 7
4 6 8 5 7 0 9 1 2
******************
55. 0: NackedSingleInACell
[8, 5] = 3
2 9 6 1 4 7 3 5 8
5 1 7 9 3 8 2 4 6
8 4 3 6 2 5 7 9 1
9 7 4 2 8 1 6 3 5
1 3 5 7 6 9 8 2 4
6 8 2 3 5 4 1 7 9
7 2 1 4 9 6 5 8 3
3 5 9 8 1 2 4 6 7
4 6 8 5 7 3 9 1 2
******************