First insert your sudoku:
1 0 6 2 0 0 0 0 0
7 0 0 1 0 0 0 8 0
0 0 3 5 0 6 4 0 1
0 6 1 0 0 0 0 0 8
2 0 0 0 0 0 0 0 4
4 0 0 0 0 0 1 2 0
8 0 5 3 0 2 9 0 0
0 1 0 0 0 9 0 0 5
0 0 0 0 0 1 8 0 2
Choose your option
all
*********************
 ***  ALL STEPS  ***
*********************
1. 0: NackedSingleInACell
[2, 0] = 9
1 0 6 2 0 0 0 0 0
7 0 0 1 0 0 0 8 0
9 0 3 5 0 6 4 0 1
0 6 1 0 0 0 0 0 8
2 0 0 0 0 0 0 0 4
4 0 0 0 0 0 1 2 0
8 0 5 3 0 2 9 0 0
0 1 0 0 0 9 0 0 5
0 0 0 0 0 1 8 0 2
******************
2. 0: NackedSingleInACell
[2, 7] = 7
1 0 6 2 0 0 0 0 0
7 0 0 1 0 0 0 8 0
9 0 3 5 0 6 4 7 1
0 6 1 0 0 0 0 0 8
2 0 0 0 0 0 0 0 4
4 0 0 0 0 0 1 2 0
8 0 5 3 0 2 9 0 0
0 1 0 0 0 9 0 0 5
0 0 0 0 0 1 8 0 2
******************
3. 0: NackedSingleInACell
[2, 4] = 8
1 0 6 2 0 0 0 0 0
7 0 0 1 0 0 0 8 0
9 0 3 5 8 6 4 7 1
0 6 1 0 0 0 0 0 8
2 0 0 0 0 0 0 0 4
4 0 0 0 0 0 1 2 0
8 0 5 3 0 2 9 0 0
0 1 0 0 0 9 0 0 5
0 0 0 0 0 1 8 0 2
******************
4. 0: NackedSingleInACell
[2, 1] = 2
1 0 6 2 0 0 0 0 0
7 0 0 1 0 0 0 8 0
9 2 3 5 8 6 4 7 1
0 6 1 0 0 0 0 0 8
2 0 0 0 0 0 0 0 4
4 0 0 0 0 0 1 2 0
8 0 5 3 0 2 9 0 0
0 1 0 0 0 9 0 0 5
0 0 0 0 0 1 8 0 2
******************
5. 0: NackedSingleInACell
[1, 2] = 4
1 0 6 2 0 0 0 0 0
7 0 4 1 0 0 0 8 0
9 2 3 5 8 6 4 7 1
0 6 1 0 0 0 0 0 8
2 0 0 0 0 0 0 0 4
4 0 0 0 0 0 1 2 0
8 0 5 3 0 2 9 0 0
0 1 0 0 0 9 0 0 5
0 0 0 0 0 1 8 0 2
******************
6. 0: NackedSingleInACell
[1, 1] = 5
1 0 6 2 0 0 0 0 0
7 5 4 1 0 0 0 8 0
9 2 3 5 8 6 4 7 1
0 6 1 0 0 0 0 0 8
2 0 0 0 0 0 0 0 4
4 0 0 0 0 0 1 2 0
8 0 5 3 0 2 9 0 0
0 1 0 0 0 9 0 0 5
0 0 0 0 0 1 8 0 2
******************
7. 0: NackedSingleInACell
[0, 1] = 8
1 8 6 2 0 0 0 0 0
7 5 4 1 0 0 0 8 0
9 2 3 5 8 6 4 7 1
0 6 1 0 0 0 0 0 8
2 0 0 0 0 0 0 0 4
4 0 0 0 0 0 1 2 0
8 0 5 3 0 2 9 0 0
0 1 0 0 0 9 0 0 5
0 0 0 0 0 1 8 0 2
******************
8. 0: NackedSingleInACell
[1, 5] = 3
1 8 6 2 0 0 0 0 0
7 5 4 1 0 3 0 8 0
9 2 3 5 8 6 4 7 1
0 6 1 0 0 0 0 0 8
2 0 0 0 0 0 0 0 4
4 0 0 0 0 0 1 2 0
8 0 5 3 0 2 9 0 0
0 1 0 0 0 9 0 0 5
0 0 0 0 0 1 8 0 2
******************
9. 0: NackedSingleInACell
[1, 4] = 9
1 8 6 2 0 0 0 0 0
7 5 4 1 9 3 0 8 0
9 2 3 5 8 6 4 7 1
0 6 1 0 0 0 0 0 8
2 0 0 0 0 0 0 0 4
4 0 0 0 0 0 1 2 0
8 0 5 3 0 2 9 0 0
0 1 0 0 0 9 0 0 5
0 0 0 0 0 1 8 0 2
******************
10. 0: NackedSingleInACell
[1, 8] = 6
1 8 6 2 0 0 0 0 0
7 5 4 1 9 3 0 8 6
9 2 3 5 8 6 4 7 1
0 6 1 0 0 0 0 0 8
2 0 0 0 0 0 0 0 4
4 0 0 0 0 0 1 2 0
8 0 5 3 0 2 9 0 0
0 1 0 0 0 9 0 0 5
0 0 0 0 0 1 8 0 2
******************
11. 0: NackedSingleInACell
[1, 6] = 2
1 8 6 2 0 0 0 0 0
7 5 4 1 9 3 2 8 6
9 2 3 5 8 6 4 7 1
0 6 1 0 0 0 0 0 8
2 0 0 0 0 0 0 0 4
4 0 0 0 0 0 1 2 0
8 0 5 3 0 2 9 0 0
0 1 0 0 0 9 0 0 5
0 0 0 0 0 1 8 0 2
******************
12. 0: NackedSingleInACell
[6, 8] = 7
1 8 6 2 0 0 0 0 0
7 5 4 1 9 3 2 8 6
9 2 3 5 8 6 4 7 1
0 6 1 0 0 0 0 0 8
2 0 0 0 0 0 0 0 4
4 0 0 0 0 0 1 2 0
8 0 5 3 0 2 9 0 7
0 1 0 0 0 9 0 0 5
0 0 0 0 0 1 8 0 2
******************
13. 0: NackedSingleInACell
[6, 1] = 4
1 8 6 2 0 0 0 0 0
7 5 4 1 9 3 2 8 6
9 2 3 5 8 6 4 7 1
0 6 1 0 0 0 0 0 8
2 0 0 0 0 0 0 0 4
4 0 0 0 0 0 1 2 0
8 4 5 3 0 2 9 0 7
0 1 0 0 0 9 0 0 5
0 0 0 0 0 1 8 0 2
******************
14. 0: NackedSingleInACell
[6, 4] = 6
1 8 6 2 0 0 0 0 0
7 5 4 1 9 3 2 8 6
9 2 3 5 8 6 4 7 1
0 6 1 0 0 0 0 0 8
2 0 0 0 0 0 0 0 4
4 0 0 0 0 0 1 2 0
8 4 5 3 6 2 9 0 7
0 1 0 0 0 9 0 0 5
0 0 0 0 0 1 8 0 2
******************
15. 0: NackedSingleInACell
[6, 7] = 1
1 8 6 2 0 0 0 0 0
7 5 4 1 9 3 2 8 6
9 2 3 5 8 6 4 7 1
0 6 1 0 0 0 0 0 8
2 0 0 0 0 0 0 0 4
4 0 0 0 0 0 1 2 0
8 4 5 3 6 2 9 1 7
0 1 0 0 0 9 0 0 5
0 0 0 0 0 1 8 0 2
******************
16. 1: HiddenSingleInACell
[3, 0] = 5
1 8 6 2 0 0 0 0 0
7 5 4 1 9 3 2 8 6
9 2 3 5 8 6 4 7 1
5 6 1 0 0 0 0 0 8
2 0 0 0 0 0 0 0 4
4 0 0 0 0 0 1 2 0
8 4 5 3 6 2 9 1 7
0 1 0 0 0 9 0 0 5
0 0 0 0 0 1 8 0 2
******************
17. 1: HiddenSingleInACell
[3, 4] = 2
1 8 6 2 0 0 0 0 0
7 5 4 1 9 3 2 8 6
9 2 3 5 8 6 4 7 1
5 6 1 0 2 0 0 0 8
2 0 0 0 0 0 0 0 4
4 0 0 0 0 0 1 2 0
8 4 5 3 6 2 9 1 7
0 1 0 0 0 9 0 0 5
0 0 0 0 0 1 8 0 2
******************
18. 1: HiddenSingleInACell
[4, 4] = 1
1 8 6 2 0 0 0 0 0
7 5 4 1 9 3 2 8 6
9 2 3 5 8 6 4 7 1
5 6 1 0 2 0 0 0 8
2 0 0 0 1 0 0 0 4
4 0 0 0 0 0 1 2 0
8 4 5 3 6 2 9 1 7
0 1 0 0 0 9 0 0 5
0 0 0 0 0 1 8 0 2
******************
19. 1: HiddenSingleInACell
[5, 3] = 6
1 8 6 2 0 0 0 0 0
7 5 4 1 9 3 2 8 6
9 2 3 5 8 6 4 7 1
5 6 1 0 2 0 0 0 8
2 0 0 0 1 0 0 0 4
4 0 0 6 0 0 1 2 0
8 4 5 3 6 2 9 1 7
0 1 0 0 0 9 0 0 5
0 0 0 0 0 1 8 0 2
******************
20. 1: HiddenSingleInACell
[5, 4] = 3
1 8 6 2 0 0 0 0 0
7 5 4 1 9 3 2 8 6
9 2 3 5 8 6 4 7 1
5 6 1 0 2 0 0 0 8
2 0 0 0 1 0 0 0 4
4 0 0 6 3 0 1 2 0
8 4 5 3 6 2 9 1 7
0 1 0 0 0 9 0 0 5
0 0 0 0 0 1 8 0 2
******************
21. 0: NackedSingleInACell
[5, 8] = 9
1 8 6 2 0 0 0 0 0
7 5 4 1 9 3 2 8 6
9 2 3 5 8 6 4 7 1
5 6 1 0 2 0 0 0 8
2 0 0 0 1 0 0 0 4
4 0 0 6 3 0 1 2 9
8 4 5 3 6 2 9 1 7
0 1 0 0 0 9 0 0 5
0 0 0 0 0 1 8 0 2
******************
22. 0: NackedSingleInACell
[0, 8] = 3
1 8 6 2 0 0 0 0 3
7 5 4 1 9 3 2 8 6
9 2 3 5 8 6 4 7 1
5 6 1 0 2 0 0 0 8
2 0 0 0 1 0 0 0 4
4 0 0 6 3 0 1 2 9
8 4 5 3 6 2 9 1 7
0 1 0 0 0 9 0 0 5
0 0 0 0 0 1 8 0 2
******************
23. 0: NackedSingleInACell
[0, 6] = 5
1 8 6 2 0 0 5 0 3
7 5 4 1 9 3 2 8 6
9 2 3 5 8 6 4 7 1
5 6 1 0 2 0 0 0 8
2 0 0 0 1 0 0 0 4
4 0 0 6 3 0 1 2 9
8 4 5 3 6 2 9 1 7
0 1 0 0 0 9 0 0 5
0 0 0 0 0 1 8 0 2
******************
24. 0: NackedSingleInACell
[0, 7] = 9
1 8 6 2 0 0 5 9 3
7 5 4 1 9 3 2 8 6
9 2 3 5 8 6 4 7 1
5 6 1 0 2 0 0 0 8
2 0 0 0 1 0 0 0 4
4 0 0 6 3 0 1 2 9
8 4 5 3 6 2 9 1 7
0 1 0 0 0 9 0 0 5
0 0 0 0 0 1 8 0 2
******************
25. 0: NackedSingleInACell
[3, 7] = 3
1 8 6 2 0 0 5 9 3
7 5 4 1 9 3 2 8 6
9 2 3 5 8 6 4 7 1
5 6 1 0 2 0 0 3 8
2 0 0 0 1 0 0 0 4
4 0 0 6 3 0 1 2 9
8 4 5 3 6 2 9 1 7
0 1 0 0 0 9 0 0 5
0 0 0 0 0 1 8 0 2
******************
26. 0: NackedSingleInACell
[3, 6] = 7
1 8 6 2 0 0 5 9 3
7 5 4 1 9 3 2 8 6
9 2 3 5 8 6 4 7 1
5 6 1 0 2 0 7 3 8
2 0 0 0 1 0 0 0 4
4 0 0 6 3 0 1 2 9
8 4 5 3 6 2 9 1 7
0 1 0 0 0 9 0 0 5
0 0 0 0 0 1 8 0 2
******************
27. 0: NackedSingleInACell
[3, 5] = 4
1 8 6 2 0 0 5 9 3
7 5 4 1 9 3 2 8 6
9 2 3 5 8 6 4 7 1
5 6 1 0 2 4 7 3 8
2 0 0 0 1 0 0 0 4
4 0 0 6 3 0 1 2 9
8 4 5 3 6 2 9 1 7
0 1 0 0 0 9 0 0 5
0 0 0 0 0 1 8 0 2
******************
28. 0: NackedSingleInACell
[0, 5] = 7
1 8 6 2 0 7 5 9 3
7 5 4 1 9 3 2 8 6
9 2 3 5 8 6 4 7 1
5 6 1 0 2 4 7 3 8
2 0 0 0 1 0 0 0 4
4 0 0 6 3 0 1 2 9
8 4 5 3 6 2 9 1 7
0 1 0 0 0 9 0 0 5
0 0 0 0 0 1 8 0 2
******************
29. 0: NackedSingleInACell
[0, 4] = 4
1 8 6 2 4 7 5 9 3
7 5 4 1 9 3 2 8 6
9 2 3 5 8 6 4 7 1
5 6 1 0 2 4 7 3 8
2 0 0 0 1 0 0 0 4
4 0 0 6 3 0 1 2 9
8 4 5 3 6 2 9 1 7
0 1 0 0 0 9 0 0 5
0 0 0 0 0 1 8 0 2
******************
30. 0: NackedSingleInACell
[3, 3] = 9
1 8 6 2 4 7 5 9 3
7 5 4 1 9 3 2 8 6
9 2 3 5 8 6 4 7 1
5 6 1 9 2 4 7 3 8
2 0 0 0 1 0 0 0 4
4 0 0 6 3 0 1 2 9
8 4 5 3 6 2 9 1 7
0 1 0 0 0 9 0 0 5
0 0 0 0 0 1 8 0 2
******************
31. 0: NackedSingleInACell
[4, 6] = 6
1 8 6 2 4 7 5 9 3
7 5 4 1 9 3 2 8 6
9 2 3 5 8 6 4 7 1
5 6 1 9 2 4 7 3 8
2 0 0 0 1 0 6 0 4
4 0 0 6 3 0 1 2 9
8 4 5 3 6 2 9 1 7
0 1 0 0 0 9 0 0 5
0 0 0 0 0 1 8 0 2
******************
32. 0: NackedSingleInACell
[4, 7] = 5
1 8 6 2 4 7 5 9 3
7 5 4 1 9 3 2 8 6
9 2 3 5 8 6 4 7 1
5 6 1 9 2 4 7 3 8
2 0 0 0 1 0 6 5 4
4 0 0 6 3 0 1 2 9
8 4 5 3 6 2 9 1 7
0 1 0 0 0 9 0 0 5
0 0 0 0 0 1 8 0 2
******************
33. 0: NackedSingleInACell
[4, 5] = 8
1 8 6 2 4 7 5 9 3
7 5 4 1 9 3 2 8 6
9 2 3 5 8 6 4 7 1
5 6 1 9 2 4 7 3 8
2 0 0 0 1 8 6 5 4
4 0 0 6 3 0 1 2 9
8 4 5 3 6 2 9 1 7
0 1 0 0 0 9 0 0 5
0 0 0 0 0 1 8 0 2
******************
34. 0: NackedSingleInACell
[4, 3] = 7
1 8 6 2 4 7 5 9 3
7 5 4 1 9 3 2 8 6
9 2 3 5 8 6 4 7 1
5 6 1 9 2 4 7 3 8
2 0 0 7 1 8 6 5 4
4 0 0 6 3 0 1 2 9
8 4 5 3 6 2 9 1 7
0 1 0 0 0 9 0 0 5
0 0 0 0 0 1 8 0 2
******************
35. 0: NackedSingleInACell
[4, 2] = 9
1 8 6 2 4 7 5 9 3
7 5 4 1 9 3 2 8 6
9 2 3 5 8 6 4 7 1
5 6 1 9 2 4 7 3 8
2 0 9 7 1 8 6 5 4
4 0 0 6 3 0 1 2 9
8 4 5 3 6 2 9 1 7
0 1 0 0 0 9 0 0 5
0 0 0 0 0 1 8 0 2
******************
36. 0: NackedSingleInACell
[4, 1] = 3
1 8 6 2 4 7 5 9 3
7 5 4 1 9 3 2 8 6
9 2 3 5 8 6 4 7 1
5 6 1 9 2 4 7 3 8
2 3 9 7 1 8 6 5 4
4 0 0 6 3 0 1 2 9
8 4 5 3 6 2 9 1 7
0 1 0 0 0 9 0 0 5
0 0 0 0 0 1 8 0 2
******************
37. 0: NackedSingleInACell
[5, 1] = 7
1 8 6 2 4 7 5 9 3
7 5 4 1 9 3 2 8 6
9 2 3 5 8 6 4 7 1
5 6 1 9 2 4 7 3 8
2 3 9 7 1 8 6 5 4
4 7 0 6 3 0 1 2 9
8 4 5 3 6 2 9 1 7
0 1 0 0 0 9 0 0 5
0 0 0 0 0 1 8 0 2
******************
38. 0: NackedSingleInACell
[5, 2] = 8
1 8 6 2 4 7 5 9 3
7 5 4 1 9 3 2 8 6
9 2 3 5 8 6 4 7 1
5 6 1 9 2 4 7 3 8
2 3 9 7 1 8 6 5 4
4 7 8 6 3 0 1 2 9
8 4 5 3 6 2 9 1 7
0 1 0 0 0 9 0 0 5
0 0 0 0 0 1 8 0 2
******************
39. 0: NackedSingleInACell
[5, 5] = 5
1 8 6 2 4 7 5 9 3
7 5 4 1 9 3 2 8 6
9 2 3 5 8 6 4 7 1
5 6 1 9 2 4 7 3 8
2 3 9 7 1 8 6 5 4
4 7 8 6 3 5 1 2 9
8 4 5 3 6 2 9 1 7
0 1 0 0 0 9 0 0 5
0 0 0 0 0 1 8 0 2
******************
40. 0: NackedSingleInACell
[7, 4] = 7
1 8 6 2 4 7 5 9 3
7 5 4 1 9 3 2 8 6
9 2 3 5 8 6 4 7 1
5 6 1 9 2 4 7 3 8
2 3 9 7 1 8 6 5 4
4 7 8 6 3 5 1 2 9
8 4 5 3 6 2 9 1 7
0 1 0 0 7 9 0 0 5
0 0 0 0 0 1 8 0 2
******************
41. 0: NackedSingleInACell
[7, 2] = 2
1 8 6 2 4 7 5 9 3
7 5 4 1 9 3 2 8 6
9 2 3 5 8 6 4 7 1
5 6 1 9 2 4 7 3 8
2 3 9 7 1 8 6 5 4
4 7 8 6 3 5 1 2 9
8 4 5 3 6 2 9 1 7
0 1 2 0 7 9 0 0 5
0 0 0 0 0 1 8 0 2
******************
42. 0: NackedSingleInACell
[7, 6] = 3
1 8 6 2 4 7 5 9 3
7 5 4 1 9 3 2 8 6
9 2 3 5 8 6 4 7 1
5 6 1 9 2 4 7 3 8
2 3 9 7 1 8 6 5 4
4 7 8 6 3 5 1 2 9
8 4 5 3 6 2 9 1 7
0 1 2 0 7 9 3 0 5
0 0 0 0 0 1 8 0 2
******************
43. 0: NackedSingleInACell
[7, 0] = 6
1 8 6 2 4 7 5 9 3
7 5 4 1 9 3 2 8 6
9 2 3 5 8 6 4 7 1
5 6 1 9 2 4 7 3 8
2 3 9 7 1 8 6 5 4
4 7 8 6 3 5 1 2 9
8 4 5 3 6 2 9 1 7
6 1 2 0 7 9 3 0 5
0 0 0 0 0 1 8 0 2
******************
44. 0: NackedSingleInACell
[7, 7] = 4
1 8 6 2 4 7 5 9 3
7 5 4 1 9 3 2 8 6
9 2 3 5 8 6 4 7 1
5 6 1 9 2 4 7 3 8
2 3 9 7 1 8 6 5 4
4 7 8 6 3 5 1 2 9
8 4 5 3 6 2 9 1 7
6 1 2 0 7 9 3 4 5
0 0 0 0 0 1 8 0 2
******************
45. 0: NackedSingleInACell
[7, 3] = 8
1 8 6 2 4 7 5 9 3
7 5 4 1 9 3 2 8 6
9 2 3 5 8 6 4 7 1
5 6 1 9 2 4 7 3 8
2 3 9 7 1 8 6 5 4
4 7 8 6 3 5 1 2 9
8 4 5 3 6 2 9 1 7
6 1 2 8 7 9 3 4 5
0 0 0 0 0 1 8 0 2
******************
46. 0: NackedSingleInACell
[8, 0] = 3
1 8 6 2 4 7 5 9 3
7 5 4 1 9 3 2 8 6
9 2 3 5 8 6 4 7 1
5 6 1 9 2 4 7 3 8
2 3 9 7 1 8 6 5 4
4 7 8 6 3 5 1 2 9
8 4 5 3 6 2 9 1 7
6 1 2 8 7 9 3 4 5
3 0 0 0 0 1 8 0 2
******************
47. 0: NackedSingleInACell
[8, 1] = 9
1 8 6 2 4 7 5 9 3
7 5 4 1 9 3 2 8 6
9 2 3 5 8 6 4 7 1
5 6 1 9 2 4 7 3 8
2 3 9 7 1 8 6 5 4
4 7 8 6 3 5 1 2 9
8 4 5 3 6 2 9 1 7
6 1 2 8 7 9 3 4 5
3 9 0 0 0 1 8 0 2
******************
48. 0: NackedSingleInACell
[8, 2] = 7
1 8 6 2 4 7 5 9 3
7 5 4 1 9 3 2 8 6
9 2 3 5 8 6 4 7 1
5 6 1 9 2 4 7 3 8
2 3 9 7 1 8 6 5 4
4 7 8 6 3 5 1 2 9
8 4 5 3 6 2 9 1 7
6 1 2 8 7 9 3 4 5
3 9 7 0 0 1 8 0 2
******************
49. 0: NackedSingleInACell
[8, 3] = 4
1 8 6 2 4 7 5 9 3
7 5 4 1 9 3 2 8 6
9 2 3 5 8 6 4 7 1
5 6 1 9 2 4 7 3 8
2 3 9 7 1 8 6 5 4
4 7 8 6 3 5 1 2 9
8 4 5 3 6 2 9 1 7
6 1 2 8 7 9 3 4 5
3 9 7 4 0 1 8 0 2
******************
50. 0: NackedSingleInACell
[8, 4] = 5
1 8 6 2 4 7 5 9 3
7 5 4 1 9 3 2 8 6
9 2 3 5 8 6 4 7 1
5 6 1 9 2 4 7 3 8
2 3 9 7 1 8 6 5 4
4 7 8 6 3 5 1 2 9
8 4 5 3 6 2 9 1 7
6 1 2 8 7 9 3 4 5
3 9 7 4 5 1 8 0 2
******************
51. 0: NackedSingleInACell
[8, 7] = 6
1 8 6 2 4 7 5 9 3
7 5 4 1 9 3 2 8 6
9 2 3 5 8 6 4 7 1
5 6 1 9 2 4 7 3 8
2 3 9 7 1 8 6 5 4
4 7 8 6 3 5 1 2 9
8 4 5 3 6 2 9 1 7
6 1 2 8 7 9 3 4 5
3 9 7 4 5 1 8 6 2
******************