First insert your sudoku:
0 3 0 4 1 0 0 2 0
5 6 0 0 0 0 0 3 0
8 0 0 0 0 7 0 0 0
7 5 6 0 0 9 0 0 0
0 1 0 0 0 0 0 6 0
0 0 0 6 0 0 3 5 7
0 0 0 5 0 0 0 0 8
0 9 0 0 0 0 0 1 2
0 7 0 0 8 2 0 9 0
Choose your option
all
*********************
 ***  ALL STEPS  ***
*********************
1. 0: NackedSingleInACell
[0, 0] = 9
9 3 0 4 1 0 0 2 0
5 6 0 0 0 0 0 3 0
8 0 0 0 0 7 0 0 0
7 5 6 0 0 9 0 0 0
0 1 0 0 0 0 0 6 0
0 0 0 6 0 0 3 5 7
0 0 0 5 0 0 0 0 8
0 9 0 0 0 0 0 1 2
0 7 0 0 8 2 0 9 0
******************
2. 0: NackedSingleInACell
[0, 2] = 7
9 3 7 4 1 0 0 2 0
5 6 0 0 0 0 0 3 0
8 0 0 0 0 7 0 0 0
7 5 6 0 0 9 0 0 0
0 1 0 0 0 0 0 6 0
0 0 0 6 0 0 3 5 7
0 0 0 5 0 0 0 0 8
0 9 0 0 0 0 0 1 2
0 7 0 0 8 2 0 9 0
******************
3. 0: NackedSingleInACell
[1, 5] = 8
9 3 7 4 1 0 0 2 0
5 6 0 0 0 8 0 3 0
8 0 0 0 0 7 0 0 0
7 5 6 0 0 9 0 0 0
0 1 0 0 0 0 0 6 0
0 0 0 6 0 0 3 5 7
0 0 0 5 0 0 0 0 8
0 9 0 0 0 0 0 1 2
0 7 0 0 8 2 0 9 0
******************
4. 0: NackedSingleInACell
[2, 7] = 4
9 3 7 4 1 0 0 2 0
5 6 0 0 0 8 0 3 0
8 0 0 0 0 7 0 4 0
7 5 6 0 0 9 0 0 0
0 1 0 0 0 0 0 6 0
0 0 0 6 0 0 3 5 7
0 0 0 5 0 0 0 0 8
0 9 0 0 0 0 0 1 2
0 7 0 0 8 2 0 9 0
******************
5. 0: NackedSingleInACell
[2, 1] = 2
9 3 7 4 1 0 0 2 0
5 6 0 0 0 8 0 3 0
8 2 0 0 0 7 0 4 0
7 5 6 0 0 9 0 0 0
0 1 0 0 0 0 0 6 0
0 0 0 6 0 0 3 5 7
0 0 0 5 0 0 0 0 8
0 9 0 0 0 0 0 1 2
0 7 0 0 8 2 0 9 0
******************
6. 0: NackedSingleInACell
[2, 2] = 1
9 3 7 4 1 0 0 2 0
5 6 0 0 0 8 0 3 0
8 2 1 0 0 7 0 4 0
7 5 6 0 0 9 0 0 0
0 1 0 0 0 0 0 6 0
0 0 0 6 0 0 3 5 7
0 0 0 5 0 0 0 0 8
0 9 0 0 0 0 0 1 2
0 7 0 0 8 2 0 9 0
******************
7. 0: NackedSingleInACell
[1, 2] = 4
9 3 7 4 1 0 0 2 0
5 6 4 0 0 8 0 3 0
8 2 1 0 0 7 0 4 0
7 5 6 0 0 9 0 0 0
0 1 0 0 0 0 0 6 0
0 0 0 6 0 0 3 5 7
0 0 0 5 0 0 0 0 8
0 9 0 0 0 0 0 1 2
0 7 0 0 8 2 0 9 0
******************
8. 0: NackedSingleInACell
[3, 7] = 8
9 3 7 4 1 0 0 2 0
5 6 4 0 0 8 0 3 0
8 2 1 0 0 7 0 4 0
7 5 6 0 0 9 0 8 0
0 1 0 0 0 0 0 6 0
0 0 0 6 0 0 3 5 7
0 0 0 5 0 0 0 0 8
0 9 0 0 0 0 0 1 2
0 7 0 0 8 2 0 9 0
******************
9. 0: NackedSingleInACell
[6, 1] = 4
9 3 7 4 1 0 0 2 0
5 6 4 0 0 8 0 3 0
8 2 1 0 0 7 0 4 0
7 5 6 0 0 9 0 8 0
0 1 0 0 0 0 0 6 0
0 0 0 6 0 0 3 5 7
0 4 0 5 0 0 0 0 8
0 9 0 0 0 0 0 1 2
0 7 0 0 8 2 0 9 0
******************
10. 0: NackedSingleInACell
[5, 1] = 8
9 3 7 4 1 0 0 2 0
5 6 4 0 0 8 0 3 0
8 2 1 0 0 7 0 4 0
7 5 6 0 0 9 0 8 0
0 1 0 0 0 0 0 6 0
0 8 0 6 0 0 3 5 7
0 4 0 5 0 0 0 0 8
0 9 0 0 0 0 0 1 2
0 7 0 0 8 2 0 9 0
******************
11. 0: NackedSingleInACell
[6, 7] = 7
9 3 7 4 1 0 0 2 0
5 6 4 0 0 8 0 3 0
8 2 1 0 0 7 0 4 0
7 5 6 0 0 9 0 8 0
0 1 0 0 0 0 0 6 0
0 8 0 6 0 0 3 5 7
0 4 0 5 0 0 0 7 8
0 9 0 0 0 0 0 1 2
0 7 0 0 8 2 0 9 0
******************
12. 0: NackedSingleInACell
[6, 6] = 6
9 3 7 4 1 0 0 2 0
5 6 4 0 0 8 0 3 0
8 2 1 0 0 7 0 4 0
7 5 6 0 0 9 0 8 0
0 1 0 0 0 0 0 6 0
0 8 0 6 0 0 3 5 7
0 4 0 5 0 0 6 7 8
0 9 0 0 0 0 0 1 2
0 7 0 0 8 2 0 9 0
******************
13. 1: HiddenSingleInACell
[0, 6] = 8
9 3 7 4 1 0 8 2 0
5 6 4 0 0 8 0 3 0
8 2 1 0 0 7 0 4 0
7 5 6 0 0 9 0 8 0
0 1 0 0 0 0 0 6 0
0 8 0 6 0 0 3 5 7
0 4 0 5 0 0 6 7 8
0 9 0 0 0 0 0 1 2
0 7 0 0 8 2 0 9 0
******************
14. 1: HiddenSingleInACell
[1, 6] = 7
9 3 7 4 1 0 8 2 0
5 6 4 0 0 8 7 3 0
8 2 1 0 0 7 0 4 0
7 5 6 0 0 9 0 8 0
0 1 0 0 0 0 0 6 0
0 8 0 6 0 0 3 5 7
0 4 0 5 0 0 6 7 8
0 9 0 0 0 0 0 1 2
0 7 0 0 8 2 0 9 0
******************
15. 1: HiddenSingleInACell
[1, 8] = 1
9 3 7 4 1 0 8 2 0
5 6 4 0 0 8 7 3 1
8 2 1 0 0 7 0 4 0
7 5 6 0 0 9 0 8 0
0 1 0 0 0 0 0 6 0
0 8 0 6 0 0 3 5 7
0 4 0 5 0 0 6 7 8
0 9 0 0 0 0 0 1 2
0 7 0 0 8 2 0 9 0
******************
16. 0: NackedSingleInACell
[3, 8] = 4
9 3 7 4 1 0 8 2 0
5 6 4 0 0 8 7 3 1
8 2 1 0 0 7 0 4 0
7 5 6 0 0 9 0 8 4
0 1 0 0 0 0 0 6 0
0 8 0 6 0 0 3 5 7
0 4 0 5 0 0 6 7 8
0 9 0 0 0 0 0 1 2
0 7 0 0 8 2 0 9 0
******************
17. 0: NackedSingleInACell
[4, 8] = 9
9 3 7 4 1 0 8 2 0
5 6 4 0 0 8 7 3 1
8 2 1 0 0 7 0 4 0
7 5 6 0 0 9 0 8 4
0 1 0 0 0 0 0 6 9
0 8 0 6 0 0 3 5 7
0 4 0 5 0 0 6 7 8
0 9 0 0 0 0 0 1 2
0 7 0 0 8 2 0 9 0
******************
18. 0: NackedSingleInACell
[4, 6] = 2
9 3 7 4 1 0 8 2 0
5 6 4 0 0 8 7 3 1
8 2 1 0 0 7 0 4 0
7 5 6 0 0 9 0 8 4
0 1 0 0 0 0 2 6 9
0 8 0 6 0 0 3 5 7
0 4 0 5 0 0 6 7 8
0 9 0 0 0 0 0 1 2
0 7 0 0 8 2 0 9 0
******************
19. 0: NackedSingleInACell
[3, 6] = 1
9 3 7 4 1 0 8 2 0
5 6 4 0 0 8 7 3 1
8 2 1 0 0 7 0 4 0
7 5 6 0 0 9 1 8 4
0 1 0 0 0 0 2 6 9
0 8 0 6 0 0 3 5 7
0 4 0 5 0 0 6 7 8
0 9 0 0 0 0 0 1 2
0 7 0 0 8 2 0 9 0
******************
20. 0: NackedSingleInACell
[4, 2] = 3
9 3 7 4 1 0 8 2 0
5 6 4 0 0 8 7 3 1
8 2 1 0 0 7 0 4 0
7 5 6 0 0 9 1 8 4
0 1 3 0 0 0 2 6 9
0 8 0 6 0 0 3 5 7
0 4 0 5 0 0 6 7 8
0 9 0 0 0 0 0 1 2
0 7 0 0 8 2 0 9 0
******************
21. 0: NackedSingleInACell
[4, 0] = 4
9 3 7 4 1 0 8 2 0
5 6 4 0 0 8 7 3 1
8 2 1 0 0 7 0 4 0
7 5 6 0 0 9 1 8 4
4 1 3 0 0 0 2 6 9
0 8 0 6 0 0 3 5 7
0 4 0 5 0 0 6 7 8
0 9 0 0 0 0 0 1 2
0 7 0 0 8 2 0 9 0
******************
22. 0: NackedSingleInACell
[4, 5] = 5
9 3 7 4 1 0 8 2 0
5 6 4 0 0 8 7 3 1
8 2 1 0 0 7 0 4 0
7 5 6 0 0 9 1 8 4
4 1 3 0 0 5 2 6 9
0 8 0 6 0 0 3 5 7
0 4 0 5 0 0 6 7 8
0 9 0 0 0 0 0 1 2
0 7 0 0 8 2 0 9 0
******************
23. 0: NackedSingleInACell
[0, 5] = 6
9 3 7 4 1 6 8 2 0
5 6 4 0 0 8 7 3 1
8 2 1 0 0 7 0 4 0
7 5 6 0 0 9 1 8 4
4 1 3 0 0 5 2 6 9
0 8 0 6 0 0 3 5 7
0 4 0 5 0 0 6 7 8
0 9 0 0 0 0 0 1 2
0 7 0 0 8 2 0 9 0
******************
24. 0: NackedSingleInACell
[0, 8] = 5
9 3 7 4 1 6 8 2 5
5 6 4 0 0 8 7 3 1
8 2 1 0 0 7 0 4 0
7 5 6 0 0 9 1 8 4
4 1 3 0 0 5 2 6 9
0 8 0 6 0 0 3 5 7
0 4 0 5 0 0 6 7 8
0 9 0 0 0 0 0 1 2
0 7 0 0 8 2 0 9 0
******************
25. 0: NackedSingleInACell
[2, 6] = 9
9 3 7 4 1 6 8 2 5
5 6 4 0 0 8 7 3 1
8 2 1 0 0 7 9 4 0
7 5 6 0 0 9 1 8 4
4 1 3 0 0 5 2 6 9
0 8 0 6 0 0 3 5 7
0 4 0 5 0 0 6 7 8
0 9 0 0 0 0 0 1 2
0 7 0 0 8 2 0 9 0
******************
26. 0: NackedSingleInACell
[2, 3] = 3
9 3 7 4 1 6 8 2 5
5 6 4 0 0 8 7 3 1
8 2 1 3 0 7 9 4 0
7 5 6 0 0 9 1 8 4
4 1 3 0 0 5 2 6 9
0 8 0 6 0 0 3 5 7
0 4 0 5 0 0 6 7 8
0 9 0 0 0 0 0 1 2
0 7 0 0 8 2 0 9 0
******************
27. 0: NackedSingleInACell
[2, 4] = 5
9 3 7 4 1 6 8 2 5
5 6 4 0 0 8 7 3 1
8 2 1 3 5 7 9 4 0
7 5 6 0 0 9 1 8 4
4 1 3 0 0 5 2 6 9
0 8 0 6 0 0 3 5 7
0 4 0 5 0 0 6 7 8
0 9 0 0 0 0 0 1 2
0 7 0 0 8 2 0 9 0
******************
28. 0: NackedSingleInACell
[2, 8] = 6
9 3 7 4 1 6 8 2 5
5 6 4 0 0 8 7 3 1
8 2 1 3 5 7 9 4 6
7 5 6 0 0 9 1 8 4
4 1 3 0 0 5 2 6 9
0 8 0 6 0 0 3 5 7
0 4 0 5 0 0 6 7 8
0 9 0 0 0 0 0 1 2
0 7 0 0 8 2 0 9 0
******************
29. 0: NackedSingleInACell
[3, 3] = 2
9 3 7 4 1 6 8 2 5
5 6 4 0 0 8 7 3 1
8 2 1 3 5 7 9 4 6
7 5 6 2 0 9 1 8 4
4 1 3 0 0 5 2 6 9
0 8 0 6 0 0 3 5 7
0 4 0 5 0 0 6 7 8
0 9 0 0 0 0 0 1 2
0 7 0 0 8 2 0 9 0
******************
30. 0: NackedSingleInACell
[1, 3] = 9
9 3 7 4 1 6 8 2 5
5 6 4 9 0 8 7 3 1
8 2 1 3 5 7 9 4 6
7 5 6 2 0 9 1 8 4
4 1 3 0 0 5 2 6 9
0 8 0 6 0 0 3 5 7
0 4 0 5 0 0 6 7 8
0 9 0 0 0 0 0 1 2
0 7 0 0 8 2 0 9 0
******************
31. 0: NackedSingleInACell
[1, 4] = 2
9 3 7 4 1 6 8 2 5
5 6 4 9 2 8 7 3 1
8 2 1 3 5 7 9 4 6
7 5 6 2 0 9 1 8 4
4 1 3 0 0 5 2 6 9
0 8 0 6 0 0 3 5 7
0 4 0 5 0 0 6 7 8
0 9 0 0 0 0 0 1 2
0 7 0 0 8 2 0 9 0
******************
32. 0: NackedSingleInACell
[3, 4] = 3
9 3 7 4 1 6 8 2 5
5 6 4 9 2 8 7 3 1
8 2 1 3 5 7 9 4 6
7 5 6 2 3 9 1 8 4
4 1 3 0 0 5 2 6 9
0 8 0 6 0 0 3 5 7
0 4 0 5 0 0 6 7 8
0 9 0 0 0 0 0 1 2
0 7 0 0 8 2 0 9 0
******************
33. 0: NackedSingleInACell
[4, 4] = 7
9 3 7 4 1 6 8 2 5
5 6 4 9 2 8 7 3 1
8 2 1 3 5 7 9 4 6
7 5 6 2 3 9 1 8 4
4 1 3 0 7 5 2 6 9
0 8 0 6 0 0 3 5 7
0 4 0 5 0 0 6 7 8
0 9 0 0 0 0 0 1 2
0 7 0 0 8 2 0 9 0
******************
34. 0: NackedSingleInACell
[4, 3] = 8
9 3 7 4 1 6 8 2 5
5 6 4 9 2 8 7 3 1
8 2 1 3 5 7 9 4 6
7 5 6 2 3 9 1 8 4
4 1 3 8 7 5 2 6 9
0 8 0 6 0 0 3 5 7
0 4 0 5 0 0 6 7 8
0 9 0 0 0 0 0 1 2
0 7 0 0 8 2 0 9 0
******************
35. 0: NackedSingleInACell
[5, 0] = 2
9 3 7 4 1 6 8 2 5
5 6 4 9 2 8 7 3 1
8 2 1 3 5 7 9 4 6
7 5 6 2 3 9 1 8 4
4 1 3 8 7 5 2 6 9
2 8 0 6 0 0 3 5 7
0 4 0 5 0 0 6 7 8
0 9 0 0 0 0 0 1 2
0 7 0 0 8 2 0 9 0
******************
36. 0: NackedSingleInACell
[5, 2] = 9
9 3 7 4 1 6 8 2 5
5 6 4 9 2 8 7 3 1
8 2 1 3 5 7 9 4 6
7 5 6 2 3 9 1 8 4
4 1 3 8 7 5 2 6 9
2 8 9 6 0 0 3 5 7
0 4 0 5 0 0 6 7 8
0 9 0 0 0 0 0 1 2
0 7 0 0 8 2 0 9 0
******************
37. 0: NackedSingleInACell
[5, 4] = 4
9 3 7 4 1 6 8 2 5
5 6 4 9 2 8 7 3 1
8 2 1 3 5 7 9 4 6
7 5 6 2 3 9 1 8 4
4 1 3 8 7 5 2 6 9
2 8 9 6 4 0 3 5 7
0 4 0 5 0 0 6 7 8
0 9 0 0 0 0 0 1 2
0 7 0 0 8 2 0 9 0
******************
38. 0: NackedSingleInACell
[5, 5] = 1
9 3 7 4 1 6 8 2 5
5 6 4 9 2 8 7 3 1
8 2 1 3 5 7 9 4 6
7 5 6 2 3 9 1 8 4
4 1 3 8 7 5 2 6 9
2 8 9 6 4 1 3 5 7
0 4 0 5 0 0 6 7 8
0 9 0 0 0 0 0 1 2
0 7 0 0 8 2 0 9 0
******************
39. 0: NackedSingleInACell
[6, 2] = 2
9 3 7 4 1 6 8 2 5
5 6 4 9 2 8 7 3 1
8 2 1 3 5 7 9 4 6
7 5 6 2 3 9 1 8 4
4 1 3 8 7 5 2 6 9
2 8 9 6 4 1 3 5 7
0 4 2 5 0 0 6 7 8
0 9 0 0 0 0 0 1 2
0 7 0 0 8 2 0 9 0
******************
40. 0: NackedSingleInACell
[6, 4] = 9
9 3 7 4 1 6 8 2 5
5 6 4 9 2 8 7 3 1
8 2 1 3 5 7 9 4 6
7 5 6 2 3 9 1 8 4
4 1 3 8 7 5 2 6 9
2 8 9 6 4 1 3 5 7
0 4 2 5 9 0 6 7 8
0 9 0 0 0 0 0 1 2
0 7 0 0 8 2 0 9 0
******************
41. 0: NackedSingleInACell
[6, 5] = 3
9 3 7 4 1 6 8 2 5
5 6 4 9 2 8 7 3 1
8 2 1 3 5 7 9 4 6
7 5 6 2 3 9 1 8 4
4 1 3 8 7 5 2 6 9
2 8 9 6 4 1 3 5 7
0 4 2 5 9 3 6 7 8
0 9 0 0 0 0 0 1 2
0 7 0 0 8 2 0 9 0
******************
42. 0: NackedSingleInACell
[6, 0] = 1
9 3 7 4 1 6 8 2 5
5 6 4 9 2 8 7 3 1
8 2 1 3 5 7 9 4 6
7 5 6 2 3 9 1 8 4
4 1 3 8 7 5 2 6 9
2 8 9 6 4 1 3 5 7
1 4 2 5 9 3 6 7 8
0 9 0 0 0 0 0 1 2
0 7 0 0 8 2 0 9 0
******************
43. 0: NackedSingleInACell
[7, 3] = 7
9 3 7 4 1 6 8 2 5
5 6 4 9 2 8 7 3 1
8 2 1 3 5 7 9 4 6
7 5 6 2 3 9 1 8 4
4 1 3 8 7 5 2 6 9
2 8 9 6 4 1 3 5 7
1 4 2 5 9 3 6 7 8
0 9 0 7 0 0 0 1 2
0 7 0 0 8 2 0 9 0
******************
44. 0: NackedSingleInACell
[7, 4] = 6
9 3 7 4 1 6 8 2 5
5 6 4 9 2 8 7 3 1
8 2 1 3 5 7 9 4 6
7 5 6 2 3 9 1 8 4
4 1 3 8 7 5 2 6 9
2 8 9 6 4 1 3 5 7
1 4 2 5 9 3 6 7 8
0 9 0 7 6 0 0 1 2
0 7 0 0 8 2 0 9 0
******************
45. 0: NackedSingleInACell
[7, 0] = 3
9 3 7 4 1 6 8 2 5
5 6 4 9 2 8 7 3 1
8 2 1 3 5 7 9 4 6
7 5 6 2 3 9 1 8 4
4 1 3 8 7 5 2 6 9
2 8 9 6 4 1 3 5 7
1 4 2 5 9 3 6 7 8
3 9 0 7 6 0 0 1 2
0 7 0 0 8 2 0 9 0
******************
46. 0: NackedSingleInACell
[7, 5] = 4
9 3 7 4 1 6 8 2 5
5 6 4 9 2 8 7 3 1
8 2 1 3 5 7 9 4 6
7 5 6 2 3 9 1 8 4
4 1 3 8 7 5 2 6 9
2 8 9 6 4 1 3 5 7
1 4 2 5 9 3 6 7 8
3 9 0 7 6 4 0 1 2
0 7 0 0 8 2 0 9 0
******************
47. 0: NackedSingleInACell
[7, 6] = 5
9 3 7 4 1 6 8 2 5
5 6 4 9 2 8 7 3 1
8 2 1 3 5 7 9 4 6
7 5 6 2 3 9 1 8 4
4 1 3 8 7 5 2 6 9
2 8 9 6 4 1 3 5 7
1 4 2 5 9 3 6 7 8
3 9 0 7 6 4 5 1 2
0 7 0 0 8 2 0 9 0
******************
48. 0: NackedSingleInACell
[7, 2] = 8
9 3 7 4 1 6 8 2 5
5 6 4 9 2 8 7 3 1
8 2 1 3 5 7 9 4 6
7 5 6 2 3 9 1 8 4
4 1 3 8 7 5 2 6 9
2 8 9 6 4 1 3 5 7
1 4 2 5 9 3 6 7 8
3 9 8 7 6 4 5 1 2
0 7 0 0 8 2 0 9 0
******************
49. 0: NackedSingleInACell
[8, 0] = 6
9 3 7 4 1 6 8 2 5
5 6 4 9 2 8 7 3 1
8 2 1 3 5 7 9 4 6
7 5 6 2 3 9 1 8 4
4 1 3 8 7 5 2 6 9
2 8 9 6 4 1 3 5 7
1 4 2 5 9 3 6 7 8
3 9 8 7 6 4 5 1 2
6 7 0 0 8 2 0 9 0
******************
50. 0: NackedSingleInACell
[8, 2] = 5
9 3 7 4 1 6 8 2 5
5 6 4 9 2 8 7 3 1
8 2 1 3 5 7 9 4 6
7 5 6 2 3 9 1 8 4
4 1 3 8 7 5 2 6 9
2 8 9 6 4 1 3 5 7
1 4 2 5 9 3 6 7 8
3 9 8 7 6 4 5 1 2
6 7 5 0 8 2 0 9 0
******************
51. 0: NackedSingleInACell
[8, 3] = 1
9 3 7 4 1 6 8 2 5
5 6 4 9 2 8 7 3 1
8 2 1 3 5 7 9 4 6
7 5 6 2 3 9 1 8 4
4 1 3 8 7 5 2 6 9
2 8 9 6 4 1 3 5 7
1 4 2 5 9 3 6 7 8
3 9 8 7 6 4 5 1 2
6 7 5 1 8 2 0 9 0
******************
52. 0: NackedSingleInACell
[8, 6] = 4
9 3 7 4 1 6 8 2 5
5 6 4 9 2 8 7 3 1
8 2 1 3 5 7 9 4 6
7 5 6 2 3 9 1 8 4
4 1 3 8 7 5 2 6 9
2 8 9 6 4 1 3 5 7
1 4 2 5 9 3 6 7 8
3 9 8 7 6 4 5 1 2
6 7 5 1 8 2 4 9 0
******************
53. 0: NackedSingleInACell
[8, 8] = 3
9 3 7 4 1 6 8 2 5
5 6 4 9 2 8 7 3 1
8 2 1 3 5 7 9 4 6
7 5 6 2 3 9 1 8 4
4 1 3 8 7 5 2 6 9
2 8 9 6 4 1 3 5 7
1 4 2 5 9 3 6 7 8
3 9 8 7 6 4 5 1 2
6 7 5 1 8 2 4 9 3
******************